Date,Open,High,Low,Close,Adj Close,Volume
2000-01-03,17.687500,17.750000,17.031250,17.218750,7.021691,2078200
2000-01-04,17.031250,17.218750,16.781250,16.906250,6.894254,1546800
2000-01-05,16.593750,17.093750,16.593750,16.812500,6.856025,2018800
2000-01-06,16.781250,17.000000,16.468750,16.781250,6.957077,3292600
2000-01-07,17.218750,17.281250,16.750000,16.812500,6.970032,4529000
2000-01-10,16.812500,16.906250,16.437500,16.468750,6.827522,1466200
2000-01-11,16.500000,16.781250,16.468750,16.687500,6.918209,1852400
2000-01-12,16.625000,16.968750,16.593750,16.656250,6.905256,2186800
2000-01-13,16.500000,16.937500,16.437500,16.718750,6.931164,1377600
2000-01-14,16.468750,16.687500,16.218750,16.343750,6.775699,1515000
2000-01-18,16.000000,16.625000,15.906250,16.500000,6.840479,1883200
2000-01-19,16.437500,16.656250,16.156250,16.343750,6.775699,2575400
2000-01-20,16.187500,16.343750,15.906250,16.062500,6.659102,1936600
2000-01-21,16.062500,16.125000,15.656250,15.750000,6.529547,2287200
2000-01-24,15.750000,16.000000,15.500000,15.593750,6.464771,1962800
2000-01-25,15.375000,15.656250,15.093750,15.093750,6.257483,1157200
2000-01-26,15.718750,15.781250,15.281250,15.500000,6.425902,1387600
2000-01-27,15.625000,15.781250,15.156250,15.187500,6.296349,1320800
2000-01-28,15.437500,15.468750,15.000000,15.125000,6.270434,1486000
2000-01-31,15.062500,15.656250,15.031250,15.593750,6.464771,1343000
2000-02-01,15.781250,15.812500,15.000000,15.125000,6.270434,3256000
2000-02-02,15.125000,15.406250,14.750000,15.062500,6.244528,2574800
2000-02-03,15.062500,15.343750,14.687500,15.312500,6.348171,1993800
2000-02-04,15.250000,15.281250,15.000000,15.187500,6.296349,1435000
2000-02-07,15.437500,15.562500,14.750000,15.281250,6.335213,2410400
2000-02-08,15.468750,15.500000,15.281250,15.406250,6.387035,2358400
2000-02-09,15.406250,15.468750,15.218750,15.250000,6.322260,3026800
2000-02-10,15.187500,15.250000,14.875000,15.031250,6.231567,3784000
2000-02-11,15.218750,15.343750,15.062500,15.218750,6.309307,1827400
2000-02-14,15.250000,15.500000,15.250000,15.500000,6.425902,2413200
2000-02-15,15.625000,16.218750,15.625000,16.218750,6.723881,2802800
2000-02-16,16.031250,16.125000,15.781250,16.031250,6.646143,1733600
2000-02-17,16.062500,16.281250,15.875000,16.187500,6.710922,1963200
2000-02-18,16.062500,16.187500,15.843750,16.031250,6.646143,1428200
2000-02-22,16.031250,16.781250,16.031250,16.718750,6.931164,2340200
2000-02-23,16.593750,16.906250,16.437500,16.718750,6.931164,3129800
2000-02-24,16.687500,16.687500,16.312500,16.562500,6.866388,3046800
2000-02-25,16.468750,16.562500,16.343750,16.500000,6.840479,3363400
2000-02-28,16.468750,16.562500,16.406250,16.468750,6.827522,2061600
2000-02-29,16.468750,16.625000,16.375000,16.468750,6.827522,2434200
2000-03-01,16.531250,16.906250,16.468750,16.593750,6.879344,2863000
2000-03-02,16.406250,16.437500,15.750000,16.093750,6.672057,3190000
2000-03-03,16.093750,16.375000,15.937500,16.187500,6.710922,1816000
2000-03-06,16.375000,16.375000,15.781250,15.875000,6.581368,2628200
2000-03-07,16.000000,16.000000,15.250000,15.500000,6.425902,4915000
2000-03-08,15.375000,15.843750,15.156250,15.687500,6.503637,3692400
2000-03-09,15.625000,15.937500,15.531250,15.781250,6.542502,2849600
2000-03-10,15.656250,15.812500,15.437500,15.687500,6.503637,2442000
2000-03-13,15.312500,15.718750,15.218750,15.500000,6.425902,2415200
2000-03-14,15.343750,15.625000,15.281250,15.312500,6.348171,1482600
2000-03-15,15.312500,16.468750,15.187500,16.375000,6.788653,2458600
2000-03-16,16.500000,17.843750,16.437500,17.593750,7.293918,3379000
2000-03-17,17.562500,17.750000,17.250000,17.250000,7.151410,2796800
2000-03-20,17.281250,17.718750,17.250000,17.406250,7.216187,2264800
2000-03-21,17.531250,17.531250,17.062500,17.375000,7.203230,2813200
2000-03-22,17.250000,17.593750,17.156250,17.343750,7.190276,2231200
2000-03-23,17.531250,17.531250,17.125000,17.468750,7.242097,2803600
2000-03-24,17.593750,17.687500,17.125000,17.125000,7.099587,1110000
2000-03-27,17.000000,17.250000,17.000000,17.062500,7.073678,1555800
2000-03-28,17.062500,17.375000,17.062500,17.156250,7.112543,1606400
2000-03-29,17.000000,17.625000,17.000000,17.406250,7.216187,3034000
2000-03-30,17.312500,17.937500,17.312500,17.937500,7.436431,3481400
2000-03-31,18.000000,18.343750,17.843750,18.093750,7.501208,1984000
2000-04-03,18.031250,18.187500,17.781250,17.906250,7.423472,1694800
2000-04-04,17.906250,18.875000,17.906250,18.500000,7.669630,3389600
2000-04-05,18.437500,18.718750,18.156250,18.250000,7.565983,1213600
2000-04-06,18.156250,18.281250,17.906250,18.031250,7.589656,1085400
2000-04-07,17.906250,18.000000,17.593750,17.687500,7.444968,1171000
2000-04-10,17.562500,17.906250,17.468750,17.531250,7.379200,1897600
2000-04-11,17.593750,17.937500,17.531250,17.812500,7.497582,2166000
2000-04-12,17.937500,18.468750,17.875000,18.250000,7.681733,2660000
2000-04-13,18.125000,18.750000,18.062500,18.531250,7.800115,2170200
2000-04-14,18.156250,18.593750,18.031250,18.093750,7.615966,2070000
2000-04-17,18.125000,18.406250,17.968750,18.343750,7.721195,1872400
2000-04-18,18.343750,18.343750,17.968750,18.062500,7.602816,1279200
2000-04-19,18.000000,18.218750,17.906250,18.031250,7.589656,1668400
2000-04-20,18.156250,18.156250,17.937500,18.093750,7.615966,1063000
2000-04-24,18.031250,18.500000,18.031250,18.406250,7.747505,1983800
2000-04-25,18.531250,19.218750,18.281250,19.000000,7.997428,3317600
2000-04-26,18.875000,19.000000,18.687500,18.875000,7.944808,1852200
2000-04-27,18.625000,18.812500,18.500000,18.562500,7.813270,2190600
2000-04-28,18.375000,18.468750,18.156250,18.187500,7.655426,2052000
2000-05-01,18.218750,18.437500,18.000000,18.218750,7.668582,2169400
2000-05-02,18.343750,18.375000,18.031250,18.125000,7.629117,1843000
2000-05-03,19.000000,19.093750,18.625000,18.937500,7.971114,4516200
2000-05-04,18.812500,19.281250,18.750000,19.031250,8.010574,2272200
2000-05-05,18.968750,19.187500,18.968750,19.031250,8.010574,1119600
2000-05-08,19.062500,19.281250,19.000000,19.093750,8.036881,1733400
2000-05-09,18.906250,19.375000,18.906250,19.125000,8.050039,952600
2000-05-10,19.062500,19.312500,19.062500,19.125000,8.050039,629400
2000-05-11,19.125000,19.406250,19.062500,19.218750,8.089499,912000
2000-05-12,19.250000,19.343750,19.031250,19.218750,8.089499,1050200
2000-05-15,19.000000,19.437500,19.000000,19.250000,8.102652,1832000
2000-05-16,19.375000,19.531250,19.156250,19.343750,8.142111,1772400
2000-05-17,19.375000,19.718750,19.281250,19.531250,8.221031,1623800
2000-05-18,19.343750,19.593750,19.343750,19.437500,8.181573,1017600
2000-05-19,19.250000,19.937500,19.250000,19.906250,8.378878,2183000
2000-05-22,19.500000,19.937500,19.281250,19.812500,8.339418,2488600
2000-05-23,19.500000,19.843750,19.500000,19.812500,8.339418,1795000
2000-05-24,19.875000,20.125000,19.843750,20.031250,8.431488,2616200
2000-05-25,19.875000,20.125000,19.812500,19.906250,8.378878,2362000
2000-05-26,19.750000,20.687500,19.750000,20.500000,8.628797,2536200
2000-05-30,20.437500,20.875000,20.187500,20.312500,8.549877,1916000
2000-05-31,20.312500,20.312500,19.656250,19.843750,8.352572,1656200
2000-06-01,20.000000,20.250000,19.687500,19.812500,8.339418,1787000
2000-06-02,19.875000,20.031250,19.750000,19.781250,8.326262,1470600
2000-06-05,19.656250,19.781250,19.281250,19.375000,8.155268,1116600
2000-06-06,19.250000,19.937500,19.000000,19.875000,8.365724,2308000
2000-06-07,19.875000,20.218750,19.843750,20.000000,8.418338,1451600
2000-06-08,19.656250,19.718750,19.375000,19.718750,8.299959,1579800
2000-06-09,19.593750,19.781250,19.437500,19.468750,8.194729,1411200
2000-06-12,19.375000,19.968750,19.375000,19.812500,8.339418,1274400
2000-06-13,19.656250,20.375000,19.656250,20.000000,8.418338,1749400
2000-06-14,20.187500,20.281250,19.937500,20.125000,8.470953,1380400
2000-06-15,20.000000,20.093750,19.781250,20.000000,8.418338,1756200
2000-06-16,19.781250,19.812500,19.250000,19.343750,8.142111,3054800
2000-06-19,19.500000,19.531250,19.281250,19.312500,8.128960,1907400
2000-06-20,19.187500,19.281250,19.093750,19.093750,8.036881,1605400
2000-06-21,19.031250,19.281250,18.843750,18.906250,7.957961,1348600
2000-06-22,18.937500,19.031250,18.531250,18.968750,7.984267,2088800
2000-06-23,19.093750,19.187500,18.843750,18.937500,7.971114,1188200
2000-06-26,19.125000,19.250000,18.937500,19.156250,8.063190,1600800
2000-06-27,19.375000,19.500000,19.187500,19.312500,8.128960,1616200
2000-06-28,19.156250,19.593750,19.031250,19.328125,8.135536,1921600
2000-06-29,19.312500,19.468750,19.187500,19.312500,8.128960,1074000
2000-06-30,19.187500,19.437500,19.093750,19.125000,8.050039,1893000
2000-07-03,19.218750,19.250000,18.875000,19.093750,8.036881,572800
2000-07-05,19.125000,19.500000,19.093750,19.343750,8.142111,2534000
2000-07-06,19.156250,19.343750,19.000000,19.125000,8.166134,1074000
2000-07-07,19.125000,19.125000,18.906250,18.968750,8.099414,970800
2000-07-10,18.968750,18.968750,18.406250,18.500000,7.899267,2311600
2000-07-11,18.531250,18.562500,18.093750,18.406250,7.859236,2965600
2000-07-12,18.281250,18.562500,18.156250,18.375000,7.845887,1925200
2000-07-13,18.312500,18.718750,18.312500,18.500000,7.899267,3793600
2000-07-14,18.562500,18.718750,18.093750,18.156250,7.752488,2983200
2000-07-17,17.718750,17.906250,16.656250,17.500000,7.472277,9258400
2000-07-18,16.812500,17.656250,16.812500,17.437500,7.445591,6483800
2000-07-19,17.437500,17.656250,17.375000,17.500000,7.472277,4858000
2000-07-20,17.562500,17.687500,17.437500,17.625000,7.525651,3034800
2000-07-21,17.625000,17.750000,17.500000,17.656250,7.538992,3300600
2000-07-24,17.468750,17.625000,17.406250,17.437500,7.445591,3454600
2000-07-25,17.468750,17.593750,17.343750,17.500000,7.472277,3143800
2000-07-26,17.375000,17.468750,17.218750,17.328125,7.398887,3930000
2000-07-27,17.500000,17.593750,17.312500,17.375000,7.418903,1802200
2000-07-28,17.125000,17.468750,17.125000,17.406250,7.432248,1503600
2000-07-31,17.406250,17.437500,17.156250,17.187500,7.338844,1890600
2000-08-01,17.250000,17.468750,17.250000,17.312500,7.392215,2415400
2000-08-02,17.375000,17.562500,17.343750,17.437500,7.445591,2438600
2000-08-03,17.468750,17.625000,17.468750,17.593750,7.512308,1708400
2000-08-04,17.468750,17.468750,17.250000,17.375000,7.418903,3559800
2000-08-07,17.156250,17.421875,17.156250,17.375000,7.418903,1167600
2000-08-08,17.062500,17.375000,17.062500,17.281250,7.378874,1311600
2000-08-09,17.312500,17.343750,17.062500,17.125000,7.312156,1932000
2000-08-10,17.250000,17.593750,17.218750,17.406250,7.432248,2224600
2000-08-11,17.437500,17.625000,17.343750,17.406250,7.432248,1569000
2000-08-14,17.343750,17.437500,17.250000,17.375000,7.418903,684800
2000-08-15,17.500000,17.500000,17.218750,17.250000,7.365530,1412000
2000-08-16,17.312500,17.312500,16.875000,16.937500,7.232095,2076000
2000-08-17,16.875000,17.000000,16.562500,16.718750,7.138692,3111200
2000-08-18,16.468750,16.718750,16.468750,16.593750,7.085320,2348400
2000-08-21,16.562500,16.671875,16.468750,16.468750,7.031945,670400
2000-08-22,16.468750,16.500000,16.218750,16.250000,6.938543,1732400
2000-08-23,16.125000,16.718750,16.093750,16.593750,7.085320,2364200
2000-08-24,16.562500,16.656250,16.406250,16.406250,7.005260,952600
2000-08-25,16.406250,16.406250,16.062500,16.156250,6.898515,1366000
2000-08-28,16.187500,16.562500,16.125000,16.375000,6.991912,1489200
2000-08-29,16.562500,16.562500,16.062500,16.125000,6.885167,1660600
2000-08-30,16.125000,16.125000,15.937500,16.031250,6.845137,1821400
2000-08-31,15.937500,16.156250,15.781250,16.070313,6.861821,1386000
2000-09-01,16.031250,16.093750,15.906250,15.937500,6.805107,1046400
2000-09-05,15.750000,16.031250,15.750000,15.843750,6.765078,1085400
2000-09-06,15.906250,15.968750,15.687500,15.937500,6.805107,844600
2000-09-07,15.937500,16.031250,15.875000,16.000000,6.831794,907400
2000-09-08,15.968750,16.312500,15.843750,16.093750,6.871826,1359000
2000-09-11,16.156250,16.156250,15.750000,15.875000,6.778421,1466000
2000-09-12,16.062500,16.343750,15.781250,16.250000,6.938543,1962200
2000-09-13,16.375000,16.531250,16.281250,16.406250,7.005260,1943400
2000-09-14,16.406250,16.531250,16.093750,16.218750,6.925200,1795000
2000-09-15,16.187500,16.656250,16.156250,16.406250,7.005260,3106400
2000-09-18,16.437500,16.468750,16.281250,16.281250,6.951885,876400
2000-09-19,16.281250,16.437500,16.250000,16.312500,6.965229,834200
2000-09-20,16.312500,16.562500,16.218750,16.468750,7.031945,1564200
2000-09-21,16.625000,17.000000,16.625000,16.781250,7.165379,2533200
2000-09-22,16.968750,17.437500,16.968750,17.218750,7.352186,3026400
2000-09-25,17.343750,17.468750,16.937500,17.000000,7.258785,1627400
2000-09-26,17.125000,17.437500,17.062500,17.406250,7.432248,4990600
2000-09-27,17.625000,17.875000,17.437500,17.750000,7.579020,2907000
2000-09-28,18.000000,18.187500,17.875000,17.906250,7.645742,1655200
2000-09-29,18.000000,18.218750,17.593750,17.750000,7.579020,2148800
2000-10-02,17.687500,17.875000,17.500000,17.812500,7.605708,1365000
2000-10-03,17.843750,18.031250,17.750000,17.875000,7.632396,1702200
2000-10-04,17.812500,18.406250,17.812500,18.187500,7.765828,1871000
2000-10-05,18.093750,18.625000,18.062500,18.500000,8.020538,2340600
2000-10-06,18.500000,18.843750,18.500000,18.718750,8.115374,2414800
2000-10-09,18.718750,18.812500,18.531250,18.562500,8.047633,1427200
2000-10-10,18.687500,18.843750,18.531250,18.781250,8.142469,3311000
2000-10-11,18.656250,18.968750,18.656250,18.843750,8.169567,1010800
2000-10-12,18.750000,18.906250,18.593750,18.812500,8.156015,1137400
2000-10-13,18.812500,18.843750,18.562500,18.656250,8.088279,1293400
2000-10-16,18.593750,18.906250,18.593750,18.656250,8.088279,2892000
2000-10-17,18.625000,18.812500,18.437500,18.437500,7.993442,1797000
2000-10-18,18.312500,18.656250,18.250000,18.500000,8.020538,3414400
2000-10-19,18.375000,19.156250,18.281250,18.906250,8.196664,4020400
2000-10-20,18.906250,18.968750,18.781250,18.843750,8.169567,1185000
2000-10-23,18.781250,19.250000,18.781250,19.093750,8.277951,2023200
2000-10-24,19.125000,19.375000,19.125000,19.281250,8.359241,1616800
2000-10-25,19.375000,19.687500,19.312500,19.562500,8.481178,1366000
2000-10-26,19.531250,19.843750,19.031250,19.625000,8.508271,5047600
2000-10-27,19.500000,19.812500,19.500000,19.812500,8.589562,1012600
2000-10-30,19.937500,20.562500,19.875000,20.500000,8.887620,3065600
2000-10-31,20.312500,20.968750,20.312500,20.875000,9.050199,4605200
2000-11-01,20.906250,20.968750,20.343750,20.562500,8.914719,4409200
2000-11-02,20.750000,20.843750,20.250000,20.250000,8.779235,3866400
2000-11-03,20.500000,20.750000,20.031250,20.156250,8.738590,4316000
2000-11-06,20.156250,20.750000,19.968750,20.375000,8.833430,2377400
2000-11-07,20.375000,20.406250,20.156250,20.156250,8.738590,1065000
2000-11-08,20.031250,20.656250,19.968750,20.468750,8.874074,2402200
2000-11-09,20.593750,20.906250,20.187500,20.375000,8.833430,2605200
2000-11-10,20.500000,20.656250,20.375000,20.500000,8.887620,2047800
2000-11-13,20.437500,20.593750,20.250000,20.312500,8.806334,1605800
2000-11-14,20.093750,20.343750,20.062500,20.125000,8.725042,1481600
2000-11-15,20.156250,20.281250,19.906250,20.187500,8.752139,1948600
2000-11-16,20.312500,20.375000,20.062500,20.156250,8.738590,1560200
2000-11-17,20.156250,20.187500,19.843750,20.031250,8.684397,1381800
2000-11-20,20.125000,20.562500,20.093750,20.187500,8.752139,1179400
2000-11-21,20.218750,21.000000,19.906250,20.968750,9.090844,4140000
2000-11-22,21.156250,21.718750,20.875000,21.031250,9.117943,3383000
2000-11-24,21.031250,21.093750,20.593750,20.625000,8.941817,923600
2000-11-27,20.687500,20.875000,20.500000,20.687500,8.968912,927600
2000-11-28,20.375000,20.718750,20.250000,20.406250,8.846975,3587400
2000-11-29,20.531250,21.031250,20.312500,20.843750,9.036650,2514400
2000-11-30,20.531250,21.156250,20.531250,20.562500,8.914719,2620600
2000-12-01,20.562500,20.562500,20.156250,20.375000,8.833430,1552200
2000-12-04,20.750000,20.781250,20.250000,20.437500,8.860527,3014200
2000-12-05,20.437500,20.437500,20.062500,20.156250,8.738590,1198800
2000-12-06,20.062500,20.187500,19.687500,19.750000,8.562466,1796400
2000-12-07,19.625000,20.250000,19.562500,20.000000,8.670849,3334200
2000-12-08,20.000000,20.500000,19.687500,20.375000,8.833430,3158600
2000-12-11,20.156250,20.156250,19.406250,19.593750,8.494722,4543200
2000-12-12,19.500000,19.718750,19.375000,19.656250,8.521815,1962200
2000-12-13,19.656250,20.093750,19.656250,19.843750,8.603109,3689800
2000-12-14,20.125000,20.156250,19.843750,19.968750,8.657301,966200
2000-12-15,19.656250,20.218750,19.656250,19.812500,8.589562,2000000
2000-12-18,19.812500,20.656250,19.812500,20.562500,8.914719,2447400
2000-12-19,20.750000,20.937500,20.375000,20.437500,8.860527,2294600
2000-12-20,20.437500,20.843750,20.312500,20.843750,9.036650,2344800
2000-12-21,20.937500,20.968750,20.531250,20.843750,9.036650,2331600
2000-12-22,20.875000,21.312500,20.812500,21.250000,9.212778,2556600
2000-12-26,21.250000,21.906250,21.250000,21.875000,9.483744,2508400
2000-12-27,22.000000,22.312500,21.875000,22.062500,9.565029,2123400
2000-12-28,22.250000,22.312500,21.968750,22.156250,9.605677,1115600
2000-12-29,22.156250,22.656250,22.125000,22.281250,9.659867,1941800
2001-01-02,22.000000,22.406250,21.906250,22.000000,9.537936,1526600
2001-01-03,22.125000,22.187500,21.375000,21.593750,9.361806,3075200
2001-01-04,21.406250,21.437500,20.562500,20.937500,9.077299,4826200
2001-01-05,20.843750,21.468750,20.718750,21.406250,9.280522,2169800
2001-01-08,21.093750,21.593750,21.093750,21.531250,9.456195,1483400
2001-01-09,21.562500,21.593750,21.125000,21.531250,9.456195,1705200
2001-01-10,21.562500,21.562500,21.156250,21.343750,9.373846,1269000
2001-01-11,21.343750,21.343750,20.750000,20.750000,9.113078,2589800
2001-01-12,20.656250,20.718750,20.187500,20.500000,9.003284,2136200
2001-01-16,20.500000,21.062500,20.500000,21.000000,9.222878,2326200
2001-01-17,20.750000,20.843750,20.562500,20.625000,9.058183,2105600
2001-01-18,20.562500,20.718750,20.437500,20.562500,9.030734,1421400
2001-01-19,20.250000,20.281250,20.062500,20.281250,8.907211,2370400
2001-01-22,20.187500,20.375000,20.125000,20.343750,8.934661,1182000
2001-01-23,20.406250,20.562500,20.156250,20.375000,8.948387,2030400
2001-01-24,20.375000,20.562500,20.062500,20.187500,8.866039,3001200
2001-01-25,20.187500,20.437500,20.031250,20.250000,8.893488,2590400
2001-01-26,20.375000,20.593750,20.093750,20.281250,8.907211,1883600
2001-01-29,20.155001,20.379999,19.969999,20.155001,8.851765,1329400
2001-01-30,20.155001,20.465000,19.995001,20.370001,8.946194,2027200
2001-01-31,20.375000,21.184999,20.285000,20.950001,9.200918,2748000
2001-02-01,21.075001,21.075001,20.750000,20.980000,9.214091,1290000
2001-02-02,20.995001,20.995001,20.680000,20.754999,9.115275,862400
2001-02-05,20.924999,21.209999,20.780001,21.065001,9.251419,1167800
2001-02-06,21.190001,21.975000,21.004999,21.674999,9.519325,2846200
2001-02-07,21.549999,22.400000,21.510000,22.125000,9.716960,2913800
2001-02-08,22.125000,22.495001,22.000000,22.105000,9.708174,2703000
2001-02-09,21.875000,22.225000,21.575001,21.600000,9.486385,2066800
2001-02-12,21.600000,21.799999,21.450001,21.735001,9.545675,1415800
2001-02-13,21.860001,22.395000,21.605000,22.155001,9.730133,2688400
2001-02-14,21.959999,22.040001,21.650000,21.870001,9.604969,2403800
2001-02-15,21.805000,22.084999,21.580000,21.975000,9.651085,1832000
2001-02-16,21.990000,22.200001,21.865000,22.115000,9.712564,1137600
2001-02-20,22.000000,22.700001,21.950001,22.305000,9.796010,2429000
2001-02-21,22.485001,22.490000,22.025000,22.145000,9.725744,1679400
2001-02-22,22.000000,22.145000,21.510000,21.700001,9.530307,1713200
2001-02-23,21.575001,21.879999,21.410000,21.735001,9.545675,1948600
2001-02-26,21.750000,22.100000,21.650000,21.969999,9.648885,1668600
2001-02-27,22.000000,22.094999,21.600000,22.040001,9.679631,2358800
2001-02-28,22.040001,22.450001,22.040001,22.424999,9.848713,2425600
2001-03-01,22.424999,22.549999,22.309999,22.525000,9.892635,2396200
2001-03-02,22.650000,22.910000,22.485001,22.815001,10.020000,1926400
2001-03-05,22.750000,23.174999,22.450001,23.065001,10.129794,2130600
2001-03-06,22.915001,22.915001,22.434999,22.605000,9.927768,1770000
2001-03-07,22.334999,22.600000,22.105000,22.549999,9.903615,1779600
2001-03-08,22.250000,22.549999,22.129999,22.400000,9.837735,1774800
2001-03-09,22.450001,22.500000,22.260000,22.295000,9.791621,1262400
2001-03-12,22.125000,22.420000,21.975000,22.240000,9.767468,2045200
2001-03-13,22.115000,22.125000,21.850000,22.070000,9.692807,1350200
2001-03-14,21.920000,21.950001,21.340000,21.650000,9.508345,1902600
2001-03-15,21.650000,21.650000,21.125000,21.590000,9.481996,2179200
2001-03-16,21.125000,21.625000,21.125000,21.500000,9.442470,3246400
2001-03-19,21.375000,21.615000,21.260000,21.330000,9.367807,1290600
2001-03-20,21.440001,21.690001,21.195000,21.375000,9.387568,1778800
2001-03-21,21.525000,21.660000,21.174999,21.500000,9.442470,2130200
2001-03-22,21.500000,21.504999,20.715000,20.969999,9.209701,2170200
2001-03-23,20.820000,21.200001,20.375000,20.905001,9.181152,1485200
2001-03-26,21.100000,21.100000,20.510000,20.879999,9.170178,1778600
2001-03-27,21.030001,21.450001,21.030001,21.344999,9.374394,1920800
2001-03-28,21.344999,21.725000,21.174999,21.424999,9.409533,1692800
2001-03-29,21.475000,21.665001,21.035000,21.430000,9.411727,1682000
2001-03-30,21.580000,21.750000,21.430000,21.504999,9.444663,2863200
2001-04-02,21.650000,21.715000,21.245001,21.400000,9.398552,1699000
2001-04-03,21.325001,21.340000,20.975000,21.245001,9.330475,1418800
2001-04-04,21.320000,21.500000,21.000000,21.250000,9.332672,2863600
2001-04-05,21.250000,21.250000,20.655001,20.785000,9.128452,2792200
2001-04-06,20.600000,20.900000,20.250000,20.350000,9.057240,2740800
2001-04-09,20.549999,20.625000,20.270000,20.424999,9.090620,2149800
2001-04-10,20.299999,20.500000,20.115000,20.254999,9.014958,1880200
2001-04-11,20.379999,20.379999,19.975000,20.075001,8.934844,1614000
2001-04-12,20.125000,20.325001,20.030001,20.250000,9.012732,1444000
2001-04-16,20.100000,20.465000,20.055000,20.155001,8.970448,1156600
2001-04-17,20.100000,20.400000,20.040001,20.200001,8.990477,1845800
2001-04-18,20.325001,20.325001,19.635000,19.940001,8.874758,2089000
2001-04-19,19.825001,19.990000,19.639999,19.855000,8.836929,1565800
2001-04-20,19.500000,19.549999,18.950001,19.065001,8.485323,4783200
2001-04-23,18.950001,19.180000,18.934999,18.990000,8.451940,3267800
2001-04-24,18.799999,18.990000,18.629999,18.770000,8.354025,4171400
2001-04-25,18.799999,19.240000,18.750000,18.825001,8.378504,5468400
2001-04-26,18.915001,19.625000,18.900000,19.400000,8.634418,4134800
2001-04-27,19.275000,19.700001,19.200001,19.495001,8.676702,2321200
2001-04-30,20.000000,20.010000,19.549999,19.705000,8.770167,4400400
2001-05-01,19.875000,19.900000,19.665001,19.895000,8.854730,3165200
2001-05-02,20.250000,20.405001,20.000000,20.195000,8.988253,4155000
2001-05-03,20.125000,20.125000,19.825001,19.990000,8.897017,1491000
2001-05-04,19.995001,20.340000,19.950001,20.340000,9.052791,2282600
2001-05-07,20.215000,20.385000,20.040001,20.270000,9.021633,1591800
2001-05-08,20.285000,20.549999,20.250000,20.480000,9.115102,1705800
2001-05-09,20.424999,20.500000,20.000000,20.299999,9.034986,2971400
2001-05-10,20.174999,20.235001,19.940001,20.000000,8.901464,3197000
2001-05-11,20.075001,20.150000,19.834999,19.915001,8.863636,1229400
2001-05-14,20.000000,20.090000,19.940001,20.030001,8.914818,2519000
2001-05-15,20.125000,20.125000,19.930000,19.990000,8.897017,1483200
2001-05-16,19.975000,20.344999,19.950001,20.299999,9.034986,2084600
2001-05-17,20.325001,20.325001,19.875000,19.975000,8.890338,1802200
2001-05-18,19.985001,20.100000,19.920000,20.070000,8.932618,1587600
2001-05-21,20.025000,20.450001,19.975000,20.445000,9.099522,3068200
2001-05-22,20.320000,20.924999,20.135000,20.735001,9.228595,3527400
2001-05-23,20.775000,21.049999,20.725000,20.879999,9.293134,2773200
2001-05-24,21.000000,21.549999,20.975000,21.219999,9.444452,2667600
2001-05-25,21.094999,21.275000,21.065001,21.100000,9.391045,2158400
2001-05-29,21.025000,21.275000,21.025000,21.275000,9.468931,1576400
2001-05-30,21.200001,21.525000,21.174999,21.200001,9.435553,1631600
2001-05-31,21.084999,21.330000,21.084999,21.180000,9.426649,1778400
2001-06-01,21.245001,21.385000,21.200001,21.325001,9.491188,1089400
2001-06-04,21.375000,21.445000,21.275000,21.400000,9.524569,1006000
2001-06-05,21.475000,21.590000,21.340000,21.475000,9.557943,1137000
2001-06-06,21.600000,21.610001,21.350000,21.455000,9.549047,1734600
2001-06-07,21.475000,21.610001,21.410000,21.555000,9.593554,1898600
2001-06-08,21.500000,21.650000,21.370001,21.459999,9.551270,725200
2001-06-11,21.360001,21.545000,21.275000,21.400000,9.524569,1814800
2001-06-12,21.525000,21.525000,21.285000,21.420000,9.533467,1468000
2001-06-13,21.625000,21.625000,21.355000,21.355000,9.504536,1593600
2001-06-14,21.375000,21.570000,21.355000,21.410000,9.529022,1459000
2001-06-15,21.309999,21.690001,21.309999,21.420000,9.533467,2005400
2001-06-18,21.424999,21.530001,21.350000,21.350000,9.502312,1029000
2001-06-19,21.325001,21.465000,21.200001,21.434999,9.540143,1158400
2001-06-20,21.434999,21.700001,21.434999,21.500000,9.569074,1893800
2001-06-21,21.559999,21.750000,21.500000,21.500000,9.569074,1568400
2001-06-22,21.549999,21.700001,21.495001,21.549999,9.591331,1144400
2001-06-25,21.450001,21.650000,21.225000,21.264999,9.464480,1540600
2001-06-26,21.209999,21.365000,21.150000,21.150000,9.413298,1740200
2001-06-27,21.225000,21.475000,21.105000,21.400000,9.524569,1679000
2001-06-28,21.450001,21.780001,21.325001,21.625000,9.624710,2457600
2001-06-29,21.700001,21.950001,21.465000,21.889999,9.742659,2744400
2001-07-02,22.000000,22.025000,21.655001,21.875000,9.735975,2923800
2001-07-03,21.950001,21.959999,21.715000,21.885000,9.740424,1002800
2001-07-05,21.760000,21.950001,21.760000,21.865000,9.731524,1537000
2001-07-06,21.850000,21.934999,21.719999,21.775000,9.814914,1552000
2001-07-09,21.775000,21.940001,21.650000,21.754999,9.805898,1196400
2001-07-10,21.700001,21.945000,21.700001,21.790001,9.821672,838800
2001-07-11,21.900000,22.080000,21.860001,22.035000,9.932102,1476200
2001-07-12,22.010000,22.025000,21.670000,21.844999,9.846464,1393200
2001-07-13,21.870001,21.879999,21.575001,21.725000,9.792371,1244200
2001-07-16,21.750000,21.850000,21.650000,21.750000,9.803644,1134600
2001-07-17,21.825001,22.014999,21.725000,21.995001,9.914076,1318400
2001-07-18,21.950001,22.165001,21.889999,22.049999,9.938867,1165000
2001-07-19,22.004999,22.174999,21.915001,21.990000,9.911824,1541600
2001-07-20,22.075001,22.275000,21.995001,22.125000,9.972672,1317800
2001-07-23,22.250000,22.365000,22.020000,22.115000,9.968163,1262400
2001-07-24,22.090000,22.315001,22.010000,22.150000,9.983939,1592200
2001-07-25,22.250000,22.605000,22.075001,22.600000,10.186774,2408200
2001-07-26,22.525000,22.525000,22.174999,22.230000,10.020000,1747800
2001-07-27,22.230000,22.230000,21.750000,21.850000,9.848717,1848000
2001-07-30,21.850000,21.900000,21.555000,21.695000,9.778852,2038800
2001-07-31,21.695000,22.100000,21.450001,21.990000,9.911824,2334400
2001-08-01,22.070000,22.080000,21.709999,21.825001,9.837448,1544600
2001-08-02,21.850000,22.035000,21.559999,22.020000,9.925345,1299200
2001-08-03,22.035000,22.125000,21.625000,21.705000,9.783357,1510200
2001-08-06,21.650000,21.775000,21.455000,21.469999,9.677435,1057000
2001-08-07,21.500000,21.674999,21.299999,21.584999,9.729272,1296400
2001-08-08,21.459999,21.674999,21.450001,21.455000,9.670676,1041600
2001-08-09,21.500000,22.250000,21.430000,22.075001,9.950138,1930600
2001-08-10,21.975000,22.305000,21.975000,22.250000,10.029016,1563200
2001-08-13,22.275000,22.375000,21.900000,21.900000,9.871259,1938200
2001-08-14,21.900000,21.985001,21.754999,21.934999,9.887033,1469000
2001-08-15,22.059999,22.225000,21.915001,22.100000,9.961404,1094000
2001-08-16,22.025000,22.150000,21.750000,22.049999,9.938867,927800
2001-08-17,21.940001,22.200001,21.915001,22.150000,9.983939,929200
2001-08-20,22.225000,22.325001,22.125000,22.225000,10.017743,1093800
2001-08-21,22.325001,22.650000,22.295000,22.500000,10.141698,2154000
2001-08-22,22.415001,22.600000,22.275000,22.535000,10.157478,2934400
2001-08-23,22.650000,22.680000,22.400000,22.525000,10.152969,1240800
2001-08-24,22.424999,22.625000,22.295000,22.424999,10.107896,2058600
2001-08-27,22.305000,22.615000,22.275000,22.350000,10.074091,1086200
2001-08-28,22.375000,22.434999,22.219999,22.264999,10.035777,2016200
2001-08-29,22.184999,22.245001,22.004999,22.025000,9.927600,686000
2001-08-30,22.025000,22.450001,21.924999,22.010000,9.920839,1343400
2001-08-31,22.075001,22.320000,21.850000,22.170000,9.992955,1161000
2001-09-04,22.225000,22.480000,22.150000,22.370001,10.083106,1462200
2001-09-05,22.400000,22.575001,22.155001,22.455000,10.121420,1500000
2001-09-06,22.330000,22.735001,22.205000,22.555000,10.166492,1821200
2001-09-07,22.725000,22.725000,22.549999,22.625000,10.198045,4116400
2001-09-10,22.549999,22.870001,22.549999,22.865000,10.306223,3524400
2001-09-17,22.950001,22.950001,22.325001,22.520000,10.150714,5545400
2001-09-18,22.700001,23.295000,22.290001,23.200001,10.457220,4873400
2001-09-19,23.075001,23.170000,22.780001,23.014999,10.373834,3299600
2001-09-20,22.900000,23.025000,22.600000,22.850000,10.299459,3872600
2001-09-21,22.275000,22.280001,21.629999,21.700001,9.781112,6609200
2001-09-24,21.825001,22.365000,21.825001,22.325001,10.062819,3383200
2001-09-25,22.125000,22.490000,22.100000,22.350000,10.074091,3906600
2001-09-26,22.525000,22.650000,22.174999,22.309999,10.056060,2515800
2001-09-27,22.309999,22.625000,22.125000,22.605000,10.189031,3628800
2001-09-28,22.825001,22.825001,22.445000,22.750000,10.254386,2099400
2001-10-01,22.629999,22.629999,22.094999,22.299999,10.051554,2358000
2001-10-02,22.200001,22.299999,21.950001,22.049999,9.938867,3222600
2001-10-03,22.000000,22.080000,21.600000,21.715000,9.787871,4027600
2001-10-04,21.799999,21.809999,21.420000,21.584999,9.729272,3761400
2001-10-05,21.525000,21.950001,21.525000,21.740000,9.925590,2653400
2001-10-08,21.490000,21.725000,21.424999,21.475000,9.804601,4255400
2001-10-09,21.594999,21.600000,21.340000,21.465000,9.800036,1932800
2001-10-10,21.549999,21.764999,21.500000,21.700001,9.907331,3045600
2001-10-11,21.820000,21.844999,21.525000,21.600000,9.861673,3757800
2001-10-12,21.625000,21.635000,21.299999,21.375000,9.758947,2824200
2001-10-15,21.375000,21.535000,21.250000,21.475000,9.804601,2832000
2001-10-16,21.424999,21.504999,21.375000,21.490000,9.811449,2404800
2001-10-17,21.500000,21.815001,21.400000,21.500000,9.816021,2811200
2001-10-18,21.424999,21.570000,21.420000,21.490000,9.811449,3184400
2001-10-19,21.440001,21.559999,21.400000,21.495001,9.813736,1801600
2001-10-22,21.650000,21.775000,21.400000,21.575001,9.850267,3440800
2001-10-23,21.750000,21.825001,21.459999,21.600000,9.861673,4135000
2001-10-24,22.150000,22.299999,21.865000,21.930000,10.012338,10038000
2001-10-25,21.840000,22.200001,21.684999,22.200001,10.135607,5581800
2001-10-26,22.200001,22.450001,21.990000,22.415001,10.233771,2441600
2001-10-29,22.475000,22.480000,22.205000,22.455000,10.252032,3211800
2001-10-30,22.455000,22.635000,22.260000,22.495001,10.270295,2633800
2001-10-31,22.900000,23.125000,22.650000,22.959999,10.482594,8487000
2001-11-01,22.959999,23.719999,22.959999,23.500000,10.729136,33023400
2001-11-02,23.650000,24.645000,23.650000,24.480000,11.176563,17799600
2001-11-05,24.625000,25.375000,24.575001,25.100000,11.459630,15675200
2001-11-06,25.014999,25.170000,24.910000,25.120001,11.468762,7787600
2001-11-07,25.049999,25.580000,24.985001,25.395000,11.594319,6606800
2001-11-08,25.510000,25.575001,24.754999,24.805000,11.324947,8163200
2001-11-09,24.655001,25.000000,24.200001,24.375000,11.128628,12946400
2001-11-12,24.375000,25.000000,24.350000,24.565001,11.215372,5112800
2001-11-13,24.875000,24.875000,24.504999,24.730000,11.290704,3303600
2001-11-14,24.785000,25.110001,24.615000,25.004999,11.416256,3277800
2001-11-15,24.754999,25.150000,24.715000,24.750000,11.299837,3713400
2001-11-16,24.870001,24.990000,24.170000,24.235001,11.064707,3796600
2001-11-19,24.235001,24.235001,23.915001,23.995001,10.955137,5011400
2001-11-20,23.975000,24.150000,23.900000,24.000000,10.957418,2878200
2001-11-21,24.000000,24.235001,23.879999,24.115000,11.009921,2282000
2001-11-23,24.110001,24.340000,24.004999,24.295000,11.092098,763200
2001-11-26,24.225000,24.355000,24.160000,24.275000,11.082968,1745400
2001-11-27,24.250000,24.280001,23.950001,23.950001,10.934588,2395000
2001-11-28,23.950001,24.350000,23.900000,24.260000,11.076121,1767600
2001-11-29,24.250000,24.475000,24.184999,24.424999,11.151451,2525800
2001-11-30,24.424999,24.850000,24.410000,24.674999,11.265590,2751400
2001-12-03,24.674999,25.250000,24.555000,25.184999,11.498439,3578600
2001-12-04,25.184999,25.250000,24.924999,25.205000,11.507569,2503800
2001-12-05,25.205000,25.305000,24.855000,25.010000,11.418536,3163000
2001-12-06,24.860001,24.924999,24.525000,24.530001,11.199392,2040800
2001-12-07,24.549999,24.775000,24.500000,24.545000,11.206243,1852600
2001-12-10,24.500000,24.750000,24.375000,24.434999,11.156018,1196600
2001-12-11,24.434999,24.620001,24.309999,24.375000,11.128628,1260000
2001-12-12,24.370001,24.440001,24.000000,24.170000,11.035033,3686800
2001-12-13,24.170000,24.725000,24.165001,24.584999,11.224504,2142800
2001-12-14,24.475000,24.950001,24.420000,24.775000,11.311249,2376200
2001-12-17,24.780001,24.965000,24.635000,24.750000,11.299837,2353200
2001-12-18,24.990000,25.195000,24.700001,25.195000,11.503003,1967200
2001-12-19,25.195000,25.900000,24.955000,25.674999,11.722152,5526600
2001-12-20,25.500000,25.650000,25.340000,25.645000,11.708450,4805600
2001-12-21,25.650000,25.950001,25.645000,25.950001,11.847710,3242000
2001-12-24,25.799999,26.000000,25.754999,25.870001,11.811180,1268400
2001-12-26,25.875000,26.245001,25.875000,26.184999,11.954992,1851400
2001-12-27,26.190001,26.430000,25.955000,26.430000,12.066851,2608000
2001-12-28,26.365000,26.400000,26.075001,26.180000,11.952711,1723400
2001-12-31,26.080000,26.150000,25.885000,26.004999,11.872818,1486000
2002-01-02,25.865000,25.865000,25.084999,25.475000,11.630845,4681600
2002-01-03,25.480000,25.549999,25.275000,25.485001,11.635406,1482200
2002-01-04,25.485001,25.485001,24.879999,25.055000,11.439088,2218000
2002-01-07,25.049999,25.065001,24.610001,24.674999,11.265590,3660200
2002-01-08,24.635000,24.719999,24.445000,24.670000,11.390253,2207800
2002-01-09,24.670000,24.860001,24.225000,24.285000,11.212497,3888200
2002-01-10,24.334999,24.565001,24.190001,24.240000,11.191720,2128400
2002-01-11,24.120001,24.475000,24.065001,24.240000,11.191720,1530200
2002-01-14,24.240000,24.700001,24.135000,24.465000,11.295601,2465600
2002-01-15,24.465000,24.799999,24.299999,24.750000,11.427188,2116200
2002-01-16,24.750000,24.910000,24.580000,24.584999,11.351007,1482200
2002-01-17,24.584999,24.740000,24.280001,24.690001,11.399481,1976800
2002-01-18,24.775000,25.075001,24.660000,24.975000,11.531075,2439800
2002-01-22,24.924999,25.035000,24.830000,24.959999,11.524149,1459200
2002-01-23,24.875000,24.924999,24.600000,24.725000,11.415648,1323400
2002-01-24,24.650000,24.700001,24.049999,24.340000,11.237891,3501200
2002-01-25,24.340000,24.400000,24.035000,24.230000,11.187101,1751400
2002-01-28,24.235001,24.299999,24.025000,24.135000,11.143244,2176600
2002-01-29,24.000000,24.120001,23.815001,24.025000,11.092454,2526400
2002-01-30,24.025000,24.719999,24.000000,24.684999,11.397176,3138200
2002-01-31,24.575001,24.900000,24.424999,24.775000,11.438735,2139200
2002-02-01,24.850000,24.889999,24.245001,24.415001,11.272518,2794200
2002-02-04,24.500000,24.750000,24.219999,24.334999,11.235582,1994000
2002-02-05,24.525000,24.650000,24.209999,24.355000,11.244818,1445400
2002-02-06,22.250000,22.375000,21.610001,21.775000,10.053617,21753200
2002-02-07,21.825001,22.615000,21.825001,22.450001,10.365269,9231200
2002-02-08,22.674999,23.075001,22.350000,23.000000,10.619205,4554600
2002-02-11,23.025000,23.180000,22.825001,23.105000,10.667686,3691800
2002-02-12,23.150000,23.375000,23.075001,23.315001,10.764644,3416600
2002-02-13,23.375000,23.540001,22.895000,22.985001,10.612283,3310000
2002-02-14,23.075001,23.424999,22.799999,23.424999,10.815431,2455000
2002-02-15,23.325001,23.740000,23.320000,23.434999,10.820045,2194800
2002-02-19,23.400000,23.725000,23.250000,23.299999,10.757714,3725400
2002-02-20,23.299999,23.790001,22.975000,23.750000,10.965482,4478800
2002-02-21,23.549999,23.690001,23.070000,23.139999,10.683844,4084200
2002-02-22,23.225000,23.725000,23.025000,23.635000,10.912391,1795000
2002-02-25,23.600000,23.830000,23.540001,23.764999,10.972409,3288800
2002-02-26,23.975000,24.000000,23.695000,23.879999,11.025507,3310600
2002-02-27,23.549999,23.750000,23.500000,23.680000,10.933167,5176600
2002-02-28,23.625000,23.674999,23.094999,23.115000,10.672300,6001600
2002-03-01,23.115000,23.115000,22.600000,22.969999,10.605356,6628600
2002-03-04,22.969999,22.969999,21.900000,22.000000,10.157503,8957800
2002-03-05,22.000000,22.504999,22.000000,22.504999,10.390662,5970600
2002-03-06,22.650000,22.895000,22.525000,22.719999,10.489926,2564400
2002-03-07,22.719999,22.785000,22.500000,22.695000,10.478386,3598400
2002-03-08,22.924999,23.070000,22.775000,23.000000,10.619205,5448400
2002-03-11,23.200001,23.469999,23.105000,23.135000,10.681534,3274600
2002-03-12,23.325001,23.415001,23.049999,23.400000,10.803888,2847200
2002-03-13,23.450001,23.575001,23.325001,23.430000,10.817740,2606200
2002-03-14,23.475000,23.785000,23.475000,23.684999,10.935474,1604000
2002-03-15,23.950001,24.145000,23.719999,24.135000,11.143244,3072400
2002-03-18,24.135000,24.135000,23.535000,24.014999,11.087835,2660400
2002-03-19,24.020000,24.504999,23.895000,24.000000,11.080913,3539800
2002-03-20,23.850000,24.094999,23.440001,23.615000,10.903151,4426400
2002-03-21,23.650000,24.115000,23.299999,24.000000,11.080913,3353200
2002-03-22,24.135000,24.295000,24.045000,24.145000,11.147860,1942600
2002-03-25,24.000000,24.495001,24.000000,24.264999,11.203263,1837600
2002-03-26,24.375000,24.725000,24.375000,24.570000,11.344084,2899600
2002-03-27,24.575001,24.700001,24.325001,24.440001,11.284061,1563000
2002-03-28,24.400000,24.680000,24.305000,24.424999,11.277132,1382000
2002-04-01,24.424999,24.424999,24.100000,24.125000,11.138621,2626600
2002-04-02,24.125000,24.280001,24.045000,24.139999,11.145550,2580600
2002-04-03,24.145000,24.459999,24.040001,24.084999,11.120152,1668600
2002-04-04,24.150000,24.625000,24.120001,24.594999,11.355628,1315400
2002-04-05,24.625000,24.674999,24.290001,24.590000,11.353314,1211000
2002-04-08,24.450001,24.625000,24.400000,24.605000,11.488724,1056200
2002-04-09,24.610001,24.840000,24.299999,24.825001,11.591447,2386800
2002-04-10,24.705000,24.975000,24.650000,24.920000,11.635805,1855400
2002-04-11,24.879999,25.070000,24.790001,24.900000,11.626472,2271600
2002-04-12,24.950001,25.150000,24.799999,25.090000,11.715185,1721600
2002-04-15,25.150000,25.200001,24.520000,24.580000,11.477055,1784800
2002-04-16,24.750000,25.070000,24.655001,25.000000,11.673160,3360000
2002-04-17,25.000000,25.000000,24.395000,24.504999,11.442032,3150600
2002-04-18,24.325001,24.680000,24.120001,24.650000,11.509741,2289200
2002-04-19,24.735001,24.950001,24.480000,24.900000,11.626472,1739800
2002-04-22,24.775000,25.059999,24.705000,24.950001,11.649812,1964600
2002-04-23,25.049999,25.100000,24.889999,25.014999,11.680165,1115400
2002-04-24,25.025000,25.155001,24.500000,24.535000,11.456038,2343600
2002-04-25,24.500000,24.590000,22.420000,22.650000,10.575883,17126400
2002-04-26,21.150000,21.580000,20.799999,21.465000,10.022576,32945200
2002-04-29,21.775000,21.924999,21.465000,21.510000,10.043584,9409200
2002-04-30,21.650000,22.150000,21.584999,22.025000,10.284055,6764800
2002-05-01,22.125000,22.309999,21.975000,22.275000,10.400786,3788200
2002-05-02,22.440001,22.795000,22.299999,22.790001,10.641251,3617800
2002-05-03,23.000000,23.049999,22.500000,22.584999,10.545535,6723200
2002-05-06,22.584999,22.625000,22.245001,22.315001,10.419467,3371000
2002-05-07,22.350000,22.400000,22.000000,22.000000,10.272382,4160800
2002-05-08,22.205000,22.205000,21.990000,22.145000,10.340086,2577000
2002-05-09,22.250000,22.450001,22.090000,22.205000,10.368099,1688000
2002-05-10,22.299999,22.504999,22.100000,22.219999,10.375106,3655000
2002-05-13,22.299999,22.315001,21.990000,22.209999,10.370433,1647000
2002-05-14,22.450001,22.469999,22.145000,22.299999,10.412458,1505200
2002-05-15,22.299999,22.385000,22.014999,22.059999,10.300396,1868400
2002-05-16,22.225000,22.455000,22.180000,22.340000,10.431137,1309200
2002-05-17,22.340000,22.350000,22.090000,22.250000,10.389113,1116000
2002-05-20,22.275000,22.275000,22.000000,22.049999,10.295727,1419200
2002-05-21,22.049999,22.250000,22.049999,22.180000,10.356428,1641600
2002-05-22,22.250000,22.660000,22.250000,22.620001,10.561875,1845400
2002-05-23,22.620001,22.645000,22.375000,22.530001,10.519854,1654000
2002-05-24,22.625000,22.645000,22.420000,22.549999,10.529193,1802600
2002-05-28,22.475000,22.480000,22.240000,22.325001,10.424128,1251000
2002-05-29,22.330000,22.500000,22.264999,22.500000,10.505843,1125600
2002-05-30,22.480000,22.549999,22.254999,22.465000,10.489501,1411600
2002-05-31,22.375000,22.930000,22.344999,22.750000,10.622574,1771000
2002-06-03,22.690001,22.815001,22.379999,22.495001,10.503514,1629000
2002-06-04,22.325001,22.600000,22.155001,22.325001,10.424128,2048200
2002-06-05,22.325001,22.620001,22.125000,22.590000,10.547869,1273400
2002-06-06,22.575001,22.580000,22.080000,22.254999,10.391450,1360200
2002-06-07,22.075001,22.365000,21.975000,22.160000,10.347095,3208600
2002-06-10,22.184999,22.184999,21.950001,22.045000,10.293395,1406400
2002-06-11,22.045000,22.219999,21.745001,21.860001,10.207011,1964400
2002-06-12,21.860001,21.965000,21.750000,21.805000,10.181330,2386600
2002-06-13,21.750000,21.900000,21.674999,21.735001,10.148646,2287400
2002-06-14,21.475000,21.570000,21.375000,21.455000,10.017907,4054400
2002-06-17,21.500000,21.875000,21.500000,21.799999,10.178994,1841600
2002-06-18,21.900000,21.950001,21.725000,21.900000,10.225692,2476000
2002-06-19,21.750000,21.995001,21.700001,21.945000,10.246700,1923000
2002-06-20,21.924999,22.084999,21.625000,21.750000,10.155650,4437400
2002-06-21,21.549999,21.730000,21.525000,21.639999,10.104288,3423200
2002-06-24,21.500000,21.594999,21.090000,21.475000,10.027243,3482400
2002-06-25,21.525000,21.650000,21.129999,21.424999,10.003901,5962800
2002-06-26,21.674999,22.225000,21.355000,22.180000,10.356428,4316400
2002-06-27,22.309999,22.645000,22.280001,22.600000,10.552539,3887000
2002-06-28,22.549999,22.559999,22.040001,22.040001,10.291059,5897600
2002-07-01,22.225000,22.290001,21.940001,22.025000,10.284055,3256600
2002-07-02,21.875000,22.150000,21.865000,21.955000,10.251369,2630600
2002-07-03,22.025000,22.084999,21.424999,21.705000,10.134635,1718400
2002-07-05,21.850000,22.125000,21.584999,22.125000,10.330747,824400
2002-07-08,21.920000,22.209999,21.905001,22.165001,10.479684,2029200
2002-07-09,22.165001,22.295000,21.674999,21.770000,10.292926,2663600
2002-07-10,21.725000,21.924999,21.565001,21.674999,10.248006,3302000
2002-07-11,21.625000,21.754999,21.500000,21.600000,10.212547,2808400
2002-07-12,21.540001,21.540001,20.975000,21.080000,9.966690,1747400
2002-07-15,21.035000,21.719999,20.895000,21.680000,10.250368,3923400
2002-07-16,21.480000,21.549999,21.035000,21.129999,9.990328,3689800
2002-07-17,21.200001,21.735001,21.135000,21.400000,10.117986,2518600
2002-07-18,21.225000,21.360001,20.025000,20.115000,9.510433,3781000
2002-07-19,20.115000,20.275000,19.424999,19.495001,9.217296,5439000
2002-07-22,19.495001,19.965000,19.040001,19.200001,9.077818,4363600
2002-07-23,19.105000,19.485001,18.900000,19.264999,9.108550,4188000
2002-07-24,19.075001,19.985001,18.690001,19.950001,9.432423,3719600
2002-07-25,19.955000,20.065001,19.605000,19.850000,9.385140,5728200
2002-07-26,20.000000,20.000000,19.674999,19.924999,9.420600,2761200
2002-07-29,20.150000,20.184999,19.950001,20.135000,9.519891,2908400
2002-07-30,20.190001,20.420000,20.020000,20.235001,9.567173,3748600
2002-07-31,20.320000,20.725000,20.245001,20.725000,9.798843,2630000
2002-08-01,20.719999,20.924999,20.525000,20.575001,9.727928,1717000
2002-08-02,20.674999,21.000000,20.330000,20.580000,9.730287,2006200
2002-08-05,20.674999,20.820000,20.465000,20.520000,9.701921,2273800
2002-08-06,20.520000,20.934999,20.325001,20.325001,9.609721,1884200
2002-08-07,20.424999,20.850000,20.254999,20.850000,9.857941,2133000
2002-08-08,20.700001,21.415001,20.625000,21.370001,10.103803,1915200
2002-08-09,21.250000,21.540001,21.174999,21.430000,10.132172,1171800
2002-08-12,21.230000,21.385000,21.070000,21.305000,10.073068,958800
2002-08-13,21.150000,21.580000,21.075001,21.184999,10.016332,1521000
2002-08-14,21.225000,21.700001,20.915001,21.700001,10.259827,1438000
2002-08-15,21.700001,21.740000,21.209999,21.424999,10.129805,1177200
2002-08-16,21.424999,21.615000,21.150000,21.195000,10.021062,1606400
2002-08-19,21.299999,21.400000,20.865000,21.055000,9.954872,1990600
2002-08-20,20.950001,20.950001,20.600000,20.715000,9.794115,1604000
2002-08-21,20.750000,20.850000,20.525000,20.705000,9.789390,1985600
2002-08-22,20.705000,20.910000,20.525000,20.760000,9.815392,1928800
2002-08-23,20.764999,20.900000,20.725000,20.860001,9.862673,1492000
2002-08-26,20.834999,21.174999,20.674999,21.129999,9.990328,1865000
2002-08-27,21.305000,21.570000,21.049999,21.350000,10.094347,1715400
2002-08-28,21.350000,21.424999,21.014999,21.365000,10.101439,1629600
2002-08-29,21.165001,21.174999,20.700001,20.799999,9.834300,1349600
2002-08-30,20.790001,21.350000,20.549999,21.045000,9.950142,1010000
2002-09-03,21.045000,21.045000,20.500000,20.555000,9.718472,1628000
2002-09-04,20.625000,20.799999,20.450001,20.690001,9.782294,1758000
2002-09-05,20.100000,20.670000,19.924999,20.670000,9.772839,3901400
2002-09-06,20.735001,20.875000,20.350000,20.790001,9.829577,2320600
2002-09-09,20.795000,21.180000,20.750000,21.065001,9.959594,1837800
2002-09-10,21.174999,21.200001,20.750000,20.980000,9.919406,2017600
2002-09-11,21.200001,21.209999,20.950001,21.020000,9.938322,1036800
2002-09-12,20.900000,20.955000,20.740000,20.780001,9.824848,1158400
2002-09-13,20.780001,21.195000,20.780001,21.125000,9.987966,1731400
2002-09-16,21.075001,21.420000,21.004999,21.375000,10.106161,1246600
2002-09-17,21.475000,21.475000,20.959999,21.100000,9.976148,2034400
2002-09-18,21.150000,21.565001,20.950001,21.490000,10.160538,2757000
2002-09-19,21.299999,21.684999,21.065001,21.395000,10.115624,1944600
2002-09-20,21.500000,21.860001,21.440001,21.820000,10.316556,3145200
2002-09-23,21.674999,21.905001,21.475000,21.570000,10.198364,2146000
2002-09-24,21.575001,22.330000,21.500000,22.200001,10.496227,3882400
2002-09-25,22.350000,22.415001,21.625000,21.865000,10.337838,4866400
2002-09-26,22.000000,22.594999,21.959999,22.590000,10.680618,3148000
2002-09-27,22.500000,22.500000,22.049999,22.100000,10.448950,2276600
2002-09-30,22.025000,22.305000,21.815001,22.209999,10.500955,2600200
2002-10-01,22.270000,22.855000,22.235001,22.764999,10.763360,2334000
2002-10-02,22.760000,22.910000,21.625000,22.115000,10.456037,3198200
2002-10-03,22.389999,22.775000,22.360001,22.570000,10.671167,2590600
2002-10-04,22.690001,22.900000,22.245001,22.299999,10.543505,2204400
2002-10-07,22.250000,22.450001,21.924999,21.985001,10.394576,2751600
2002-10-08,22.049999,22.495001,21.975000,22.105000,10.583696,3790400
2002-10-09,22.110001,22.110001,21.100000,21.500000,10.294029,5979600
2002-10-10,21.500000,21.674999,21.120001,21.200001,10.150392,2828600
2002-10-11,21.200001,21.200001,20.655001,20.750000,9.934936,5056200
2002-10-14,20.750000,21.465000,20.750000,21.415001,10.253329,3419600
2002-10-15,21.575001,21.600000,21.100000,21.405001,10.248545,1937000
2002-10-16,21.405001,21.670000,21.025000,21.325001,10.210242,1421400
2002-10-17,21.150000,21.254999,20.700001,21.200001,10.150392,4466200
2002-10-18,21.000000,21.100000,20.500000,20.844999,9.980421,3299600
2002-10-21,21.045000,21.924999,20.860001,21.924999,10.497519,3011400
2002-10-22,20.924999,21.150000,20.525000,20.625000,9.875090,19254600
2002-10-23,20.375000,20.740000,20.280001,20.719999,9.920571,16407400
2002-10-24,20.809999,20.825001,20.305000,20.504999,9.817630,6037400
2002-10-25,20.500000,20.650000,20.200001,20.299999,9.719475,5065200
2002-10-28,20.285000,20.350000,20.000000,20.070000,9.609356,5551600
2002-10-29,20.200001,20.465000,20.010000,20.465000,9.798479,6905400
2002-10-30,20.555000,20.594999,20.200001,20.415001,9.774540,3554600
2002-10-31,20.549999,20.815001,20.075001,20.660000,9.891844,4113400
2002-11-01,20.625000,20.969999,20.510000,20.875000,9.994782,4273400
2002-11-04,20.950001,21.174999,20.825001,20.959999,10.035481,4135600
2002-11-05,21.025000,21.299999,21.025000,21.295000,10.195874,3080000
2002-11-06,21.295000,21.320000,21.004999,21.155001,10.128846,2093000
2002-11-07,21.174999,21.325001,21.070000,21.150000,10.126456,2285000
2002-11-08,21.150000,21.424999,20.875000,20.924999,10.018722,3557800
2002-11-11,20.924999,21.325001,20.865000,21.230000,10.164754,4565400
2002-11-12,21.475000,21.620001,21.295000,21.475000,10.282054,7042800
2002-11-13,21.525000,21.875000,21.420000,21.639999,10.361064,3821400
2002-11-14,21.760000,22.000000,21.549999,21.990000,10.528636,3639200
2002-11-15,21.875000,22.375000,21.775000,22.209999,10.633967,3934200
2002-11-18,22.299999,22.320000,21.825001,21.985001,10.526244,2855200
2002-11-19,21.900000,22.545000,21.900000,22.514999,10.780003,3640400
2002-11-20,22.514999,22.740000,22.405001,22.740000,10.887732,4126600
2002-11-21,22.740000,22.900000,22.555000,22.735001,10.885338,4820000
2002-11-22,22.735001,23.120001,22.629999,22.980000,11.002641,4647600
2002-11-25,22.980000,23.010000,22.299999,22.455000,10.751278,3108400
2002-11-26,22.455000,22.495001,22.184999,22.379999,10.715366,2156000
2002-11-27,22.504999,22.504999,22.200001,22.299999,10.677060,2291800
2002-11-29,22.299999,22.360001,22.165001,22.309999,10.681847,1774800
2002-12-02,22.410000,22.434999,21.850000,21.924999,10.497519,3051400
2002-12-03,21.850000,22.225000,21.830000,21.980000,10.523849,2309800
2002-12-04,22.084999,22.340000,22.049999,22.219999,10.638762,1403800
2002-12-05,22.219999,22.299999,21.934999,22.100000,10.581301,1529600
2002-12-06,22.010000,22.275000,21.885000,22.045000,10.554966,2142600
2002-12-09,22.150000,22.400000,21.850000,21.950001,10.509484,2264600
2002-12-10,21.950001,22.225000,21.850000,22.170000,10.614825,2031400
2002-12-11,22.174999,22.174999,21.705000,21.985001,10.526244,1762200
2002-12-12,21.900000,22.115000,21.594999,21.594999,10.339514,2461000
2002-12-13,21.594999,21.975000,21.500000,21.745001,10.411332,3964400
2002-12-16,21.900000,22.100000,21.760000,22.010000,10.538209,2044800
2002-12-17,22.014999,22.575001,22.000000,22.445000,10.746488,4624800
2002-12-18,22.625000,22.990000,22.355000,22.990000,11.007430,6784200
2002-12-19,23.000000,23.120001,22.865000,23.105000,11.062488,3969400
2002-12-20,23.174999,23.500000,23.174999,23.330000,11.170218,3996600
2002-12-23,23.450001,23.625000,23.309999,23.475000,11.239642,3126000
2002-12-24,23.590000,23.590000,23.370001,23.440001,11.222889,454000
2002-12-26,23.450001,23.615000,23.295000,23.350000,11.179792,1890600
2002-12-27,23.450001,23.465000,23.125000,23.180000,11.098397,1237800
2002-12-30,23.180000,23.480000,23.180000,23.434999,11.220491,2697800
2002-12-31,23.485001,23.535000,23.160000,23.475000,11.239642,1624600
2003-01-02,23.475000,23.875000,23.475000,23.825001,11.407220,3840000
2003-01-03,23.815001,23.820000,23.555000,23.750000,11.371308,2343600
2003-01-06,23.750000,23.834999,23.570000,23.760000,11.376101,3836000
2003-01-07,23.750000,23.750000,23.295000,23.395000,11.201338,3297800
2003-01-08,23.254999,23.475000,23.150000,23.245001,11.261901,2654800
2003-01-09,23.150000,23.605000,23.150000,23.504999,11.387864,3988800
2003-01-10,23.504999,23.740000,23.405001,23.625000,11.446010,3504200
2003-01-13,23.725000,24.000000,23.680000,23.990000,11.622839,4741400
2003-01-14,23.900000,24.000000,23.750000,24.000000,11.627690,2333000
2003-01-15,24.000000,24.000000,23.875000,23.955000,11.605882,3351400
2003-01-16,23.985001,24.090000,23.750000,23.920000,11.588927,2238800
2003-01-17,23.875000,24.030001,23.730000,23.775000,11.518676,1984800
2003-01-21,23.735001,23.910000,23.469999,23.500000,11.385448,2045800
2003-01-22,23.500000,23.725000,23.365000,23.400000,11.336997,3441200
2003-01-23,23.490000,23.525000,23.275000,23.285000,11.281281,2339400
2003-01-24,23.299999,23.434999,22.985001,23.000000,11.143199,2090000
2003-01-27,22.775000,22.895000,22.410000,22.735001,11.014810,4343600
2003-01-28,22.735001,22.980000,22.655001,22.875000,11.082635,2260000
2003-01-29,22.525000,22.549999,22.250000,22.350000,10.828285,8316000
2003-01-30,22.350000,22.424999,22.070000,22.080000,10.697473,4149000
2003-01-31,22.000000,22.465000,21.969999,22.465000,10.884004,4374600
2003-02-03,22.500000,22.520000,22.309999,22.510000,10.905801,2491400
2003-02-04,22.389999,22.475000,22.145000,22.270000,10.789525,3991200
2003-02-05,22.275000,22.584999,22.219999,22.309999,10.808900,2486600
2003-02-06,22.209999,22.295000,22.004999,22.100000,10.707161,3094400
2003-02-07,22.215000,22.285000,22.030001,22.205000,10.758039,1722200
2003-02-10,22.299999,22.490000,22.135000,22.410000,10.857356,1983000
2003-02-11,22.469999,22.540001,22.110001,22.125000,10.719277,3317800
2003-02-12,22.150000,22.350000,22.004999,22.049999,10.682935,2221400
2003-02-13,22.049999,22.254999,21.830000,22.075001,10.695053,2698200
2003-02-14,22.424999,22.715000,22.379999,22.635000,10.966362,4711800
2003-02-18,22.639999,22.850000,22.500000,22.575001,10.937288,3267800
2003-02-19,22.610001,22.625000,22.415001,22.545000,10.922756,2655600
2003-02-20,22.549999,22.549999,21.875000,21.875000,10.598156,5311200
2003-02-21,21.879999,22.084999,21.770000,22.030001,10.673250,3443000
2003-02-24,21.900000,21.945000,21.680000,21.719999,10.523058,2480400
2003-02-25,21.600000,22.000000,21.415001,21.990000,10.653868,4153000
2003-02-26,21.950001,21.950001,21.450001,21.799999,10.561815,5745800
2003-02-27,21.875000,21.889999,21.434999,21.549999,10.440699,5194800
2003-02-28,21.520000,21.725000,21.305000,21.434999,10.384976,3421600
2003-03-03,21.660000,21.725000,21.530001,21.600000,10.464924,3630600
2003-03-04,21.690001,21.690001,21.025000,21.075001,10.210560,3451200
2003-03-05,21.000000,21.145000,20.785000,21.145000,10.244477,3402800
2003-03-06,21.200001,21.280001,20.875000,20.975000,10.162116,3287600
2003-03-07,20.799999,21.155001,20.715000,21.100000,10.222673,3421400
2003-03-10,21.025000,21.174999,20.870001,20.915001,10.133047,3015200
2003-03-11,20.990000,21.445000,20.950001,21.135000,10.239635,3016200
2003-03-12,21.115000,21.395000,21.070000,21.350000,10.343796,3281200
2003-03-13,21.500000,21.690001,21.440001,21.670000,10.498837,2449200
2003-03-14,21.725000,21.790001,21.555000,21.690001,10.508524,3194600
2003-03-17,21.684999,22.420000,21.680000,22.295000,10.801639,3701000
2003-03-18,22.410000,22.490000,22.000000,22.440001,10.871891,4760000
2003-03-19,22.424999,22.615000,22.155001,22.465000,10.884004,5804600
2003-03-20,22.465000,22.570000,22.340000,22.549999,10.925186,3197800
2003-03-21,22.950001,23.365000,22.875000,23.360001,11.317617,7487000
2003-03-24,23.209999,23.215000,22.860001,23.010000,11.148045,4869200
2003-03-25,22.985001,23.450001,22.985001,23.340000,11.307931,3617200
2003-03-26,23.299999,23.424999,23.094999,23.165001,11.223143,3359200
2003-03-27,23.100000,23.395000,22.469999,23.184999,11.232827,3360400
2003-03-28,23.184999,23.195000,22.760000,23.025000,11.155308,2448800
2003-03-31,22.875000,22.969999,22.584999,22.775000,11.034192,2829400
2003-04-01,22.799999,22.900000,22.525000,22.879999,11.085058,2819600
2003-04-02,23.025000,23.325001,22.879999,23.235001,11.257057,2740000
2003-04-03,23.235001,23.235001,22.625000,22.910000,11.099594,5328200
2003-04-04,22.910000,23.049999,22.754999,22.924999,11.106863,2512600
2003-04-07,23.100000,23.250000,22.790001,22.840000,11.065686,2974000
2003-04-08,22.665001,23.000000,22.639999,22.900000,11.229963,2219800
2003-04-09,22.975000,23.150000,22.635000,22.834999,11.198088,4125400
2003-04-10,22.950001,22.975000,22.500000,22.665001,11.114720,3278600
2003-04-11,22.875000,22.950001,22.565001,22.650000,11.107368,2975600
2003-04-14,22.799999,23.055000,22.770000,23.040001,11.298621,2361000
2003-04-15,22.975000,22.995001,22.565001,22.795000,11.178472,2559400
2003-04-16,22.850000,22.870001,22.400000,22.475000,11.021549,2498000
2003-04-17,22.500000,22.844999,22.500000,22.815001,11.188280,2350000
2003-04-21,22.850000,22.895000,22.615000,22.700001,11.131891,1897600
2003-04-22,22.655001,22.910000,22.514999,22.825001,11.193188,3283000
2003-04-23,22.700001,22.799999,22.600000,22.719999,11.141694,2613200
2003-04-24,22.719999,22.719999,22.410000,22.559999,11.063232,3479400
2003-04-25,22.575001,22.790001,22.469999,22.525000,11.046070,3522800
2003-04-28,22.715000,22.725000,22.549999,22.629999,11.097558,2074600
2003-04-29,22.575001,22.799999,22.475000,22.650000,11.107368,3565200
2003-04-30,22.525000,22.750000,22.415001,22.555000,11.060776,3709000
2003-05-01,22.610001,22.620001,22.010000,22.400000,10.984770,3774800
2003-05-02,22.225000,22.320000,22.049999,22.260000,10.916112,4113000
2003-05-05,22.325001,22.375000,22.025000,22.125000,10.849911,3322200
2003-05-06,22.165001,22.600000,22.075001,22.290001,10.930823,4303400
2003-05-07,22.225000,22.400000,22.195000,22.350000,10.960254,3119400
2003-05-08,21.674999,22.520000,21.674999,22.379999,10.974958,5150200
2003-05-09,22.400000,22.764999,22.375000,22.764999,11.163758,3192000
2003-05-12,22.740000,23.040001,22.645000,22.980000,11.269202,2339800
2003-05-13,22.965000,22.980000,22.709999,22.805000,11.183372,2441800
2003-05-14,22.924999,23.000000,22.745001,22.860001,11.210349,2722000
2003-05-15,22.900000,22.959999,22.600000,22.715000,11.139238,2868200
2003-05-16,22.600000,22.700001,22.424999,22.424999,10.997027,2879200
2003-05-19,22.430000,22.580000,22.395000,22.459999,11.014191,1933600
2003-05-20,22.500000,22.750000,22.424999,22.645000,11.104913,2424200
2003-05-21,22.594999,22.875000,22.455000,22.754999,11.158857,2274200
2003-05-22,22.674999,23.215000,22.660000,23.135000,11.345207,3037800
2003-05-23,23.125000,23.379999,22.775000,23.280001,11.416315,3004800
2003-05-27,23.230000,23.325001,23.075001,23.174999,11.364820,2892600
2003-05-28,23.100000,23.200001,22.965000,23.059999,11.308428,2543600
2003-05-29,22.565001,23.100000,22.565001,23.040001,11.298621,2963000
2003-05-30,23.100000,23.389999,22.969999,23.389999,11.470257,3719000
2003-06-02,23.450001,23.575001,23.375000,23.530001,11.538909,2672400
2003-06-03,23.600000,23.745001,23.540001,23.715000,11.629633,2180600
2003-06-04,23.735001,23.950001,23.650000,23.775000,11.659054,2422600
2003-06-05,23.715000,23.950001,23.700001,23.920000,11.730163,2291000
2003-06-06,24.000000,24.090000,23.855000,24.004999,11.771849,3953400
2003-06-09,23.825001,23.990000,23.780001,23.834999,11.688477,2682800
2003-06-10,23.799999,23.834999,23.610001,23.725000,11.634540,2888400
2003-06-11,23.750000,23.975000,23.660000,23.975000,11.757136,1943800
2003-06-12,23.975000,24.110001,23.700001,24.110001,11.823340,2767800
2003-06-13,24.000000,24.410000,24.000000,24.350000,11.941033,2894800
2003-06-16,24.379999,24.830000,24.379999,24.830000,12.176418,3213200
2003-06-17,24.745001,24.830000,24.540001,24.725000,12.124928,2606600
2003-06-18,24.475000,24.750000,24.450001,24.584999,12.056272,3345600
2003-06-19,24.375000,24.415001,23.985001,24.040001,11.789007,6081000
2003-06-20,24.045000,24.065001,23.700001,23.750000,11.646799,8022000
2003-06-23,23.700001,24.065001,23.605000,24.045000,11.791461,4480000
2003-06-24,24.045000,24.150000,23.750000,23.815001,11.678670,3325600
2003-06-25,23.815001,24.245001,23.450001,23.900000,11.720359,5785200
2003-06-26,24.049999,24.309999,23.709999,23.865000,11.703195,2518800
2003-06-27,23.825001,24.025000,23.580000,23.754999,11.649246,2629200
2003-06-30,23.850000,23.875000,23.520000,23.705000,11.624730,3616200
2003-07-01,23.705000,23.985001,23.375000,23.900000,11.720359,2516000
2003-07-02,24.014999,24.014999,23.700001,23.799999,11.671314,2714800
2003-07-03,23.825001,23.855000,23.555000,23.709999,11.627177,969200
2003-07-07,23.674999,23.889999,23.645000,23.850000,11.695839,3146000
2003-07-08,23.750000,23.809999,23.410000,23.549999,11.683432,5458400
2003-07-09,23.600000,23.825001,23.475000,23.549999,11.683432,3752800
2003-07-10,23.549999,23.830000,23.410000,23.795000,11.804979,3256200
2003-07-11,23.799999,24.389999,23.750000,24.315001,12.062957,4193200
2003-07-14,24.330000,24.400000,24.049999,24.070000,11.941409,4674800
2003-07-15,24.219999,24.219999,23.920000,24.129999,11.971178,2362800
2003-07-16,24.150000,24.174999,23.830000,24.055000,11.933965,3602400
2003-07-17,23.799999,23.924999,23.700001,23.775000,11.795053,5685600
2003-07-18,23.900000,23.900000,23.594999,23.730000,11.772731,2446800
2003-07-21,23.730000,23.730000,23.270000,23.340000,11.579251,3800200
2003-07-22,23.375000,23.610001,23.299999,23.535000,11.675992,2966200
2003-07-23,23.450001,23.684999,23.424999,23.635000,11.725607,2177800
2003-07-24,23.625000,23.735001,23.375000,23.379999,11.599098,1975400
2003-07-25,23.379999,23.700001,23.370001,23.665001,11.740483,1474800
2003-07-28,23.625000,23.695000,23.430000,23.520000,11.668549,2220600
2003-07-29,23.520000,23.520000,23.025000,23.075001,11.447778,3321600
2003-07-30,23.075001,23.184999,22.950001,23.155001,11.487468,3332000
2003-07-31,23.280001,23.280001,22.905001,22.934999,11.378323,3103000
2003-08-01,23.049999,23.049999,22.750000,22.830000,11.326234,3155200
2003-08-04,22.830000,22.885000,22.655001,22.840000,11.331196,2046600
2003-08-05,22.840000,22.930000,22.660000,22.695000,11.259256,2274600
2003-08-06,22.750000,22.920000,22.670000,22.750000,11.286541,1776800
2003-08-07,22.820000,22.865000,22.555000,22.850000,11.336154,1758800
2003-08-08,22.850000,23.150000,22.830000,23.065001,11.442816,1809600
2003-08-11,23.040001,23.150000,23.040001,23.084999,11.452741,1310400
2003-08-12,23.125000,23.200001,22.910000,23.174999,11.497396,1575600
2003-08-13,23.209999,23.245001,22.840000,23.155001,11.487468,2827400
2003-08-14,23.135000,23.355000,23.070000,23.350000,11.584211,1496400
2003-08-15,23.350000,23.375000,23.125000,23.365000,11.591655,704400
2003-08-18,23.375000,23.434999,23.219999,23.250000,11.534599,1024600
2003-08-19,23.240000,23.240000,22.764999,23.059999,11.440338,3290000
2003-08-20,23.000000,23.235001,22.950001,23.070000,11.445300,1368600
2003-08-21,23.150000,23.219999,23.004999,23.150000,11.484989,1672400
2003-08-22,23.160000,23.295000,23.090000,23.125000,11.472586,1665800
2003-08-25,23.190001,23.250000,23.045000,23.139999,11.480028,1556600
2003-08-26,23.030001,23.160000,22.790001,23.135000,11.477546,2472400
2003-08-27,23.135000,23.135000,22.945000,23.135000,11.477546,1406400
2003-08-28,23.135000,23.230000,22.945000,23.219999,11.519715,1561000
2003-08-29,23.219999,23.250000,22.950001,23.180000,11.499874,1393200
2003-09-02,23.170000,23.434999,22.965000,23.385000,11.601574,2269400
2003-09-03,23.325001,23.465000,23.145000,23.465000,11.641263,3493400
2003-09-04,23.500000,23.570000,23.299999,23.434999,11.626384,2854200
2003-09-05,23.360001,23.450001,23.254999,23.315001,11.566846,2960000
2003-09-08,23.350000,23.450001,23.299999,23.400000,11.609014,2311800
2003-09-09,23.475000,23.665001,23.299999,23.625000,11.720643,2951200
2003-09-10,23.625000,23.790001,23.485001,23.514999,11.666069,3143600
2003-09-11,23.625000,23.625000,23.500000,23.620001,11.718161,2343600
2003-09-12,23.620001,23.629999,23.424999,23.605000,11.710722,1782800
2003-09-15,23.629999,23.645000,23.455000,23.549999,11.683432,2099000
2003-09-16,23.575001,23.865000,23.424999,23.865000,11.839711,3385400
2003-09-17,23.740000,23.860001,23.575001,23.635000,11.725607,2122800
2003-09-18,23.575001,23.754999,23.555000,23.680000,11.747931,1882000
2003-09-19,23.674999,23.719999,23.500000,23.570000,11.693354,2551000
2003-09-22,23.459999,23.525000,23.385000,23.469999,11.643743,1892200
2003-09-23,23.475000,23.754999,23.475000,23.750000,11.782657,2455800
2003-09-24,23.750000,23.844999,23.575001,23.700001,11.757852,1978600
2003-09-25,23.700001,23.830000,23.629999,23.629999,11.723124,1795000
2003-09-26,23.629999,23.725000,23.455000,23.455000,11.636302,1609000
2003-09-29,23.504999,23.504999,23.174999,23.280001,11.549480,4624600
2003-09-30,23.299999,23.580000,23.250000,23.535000,11.675992,2844600
2003-10-01,23.520000,23.799999,23.495001,23.799999,11.807461,3404600
2003-10-02,23.750000,23.754999,23.400000,23.600000,11.708238,3562600
2003-10-03,23.775000,23.795000,23.475000,23.525000,11.671033,2195400
2003-10-06,23.525000,23.580000,23.225000,23.395000,11.606533,2499200
2003-10-07,23.285000,23.315001,23.080000,23.250000,11.534599,3810200
2003-10-08,23.049999,23.209999,22.910000,23.049999,11.572252,3143800
2003-10-09,23.049999,23.049999,22.549999,22.674999,11.383988,6994600
2003-10-10,22.709999,22.719999,22.365000,22.620001,11.356369,4624000
2003-10-13,22.620001,22.690001,22.465000,22.485001,11.288596,1981000
2003-10-14,22.540001,22.540001,22.045000,22.434999,11.263493,5236600
2003-10-15,22.440001,22.500000,22.235001,22.405001,11.248432,3175800
2003-10-16,22.000000,22.504999,21.875000,22.365000,11.228352,5807400
2003-10-17,22.365000,22.465000,22.260000,22.365000,11.228352,3494000
2003-10-20,22.350000,22.355000,21.980000,22.160000,11.125430,3322200
2003-10-21,22.160000,22.355000,22.125000,22.250000,11.170612,3136200
2003-10-22,22.240000,22.260000,22.094999,22.235001,11.163080,2442000
2003-10-23,22.235001,22.280001,22.014999,22.120001,11.105350,3181200
2003-10-24,22.105000,22.105000,21.950001,21.995001,11.042585,2155200
2003-10-27,22.200001,22.200001,22.004999,22.055000,11.072713,1858600
2003-10-28,22.434999,22.600000,22.370001,22.600000,11.346326,5107600
2003-10-29,22.514999,22.950001,22.400000,22.504999,11.298634,2875600
2003-10-30,22.530001,22.680000,22.500000,22.625000,11.358885,2408000
2003-10-31,22.625000,22.650000,22.385000,22.424999,11.258471,3194400
2003-11-03,22.575001,22.645000,22.490000,22.575001,11.333778,2396800
2003-11-04,22.610001,22.650000,22.320000,22.385000,11.238388,2683200
2003-11-05,22.275000,22.445000,22.014999,22.150000,11.120407,6031000
2003-11-06,22.200001,22.235001,21.975000,22.105000,11.097813,3341000
2003-11-07,22.165001,22.330000,22.065001,22.139999,11.115389,2405600
2003-11-10,22.184999,22.235001,21.934999,22.010000,11.050118,2629600
2003-11-11,22.010000,22.065001,21.900000,21.930000,11.009955,3014000
2003-11-12,21.980000,22.200001,21.879999,22.125000,11.107857,2707400
2003-11-13,22.160000,22.510000,22.125000,22.510000,11.301148,2961400
2003-11-14,22.500000,22.639999,22.350000,22.379999,11.235880,2296000
2003-11-17,22.450001,22.670000,22.440001,22.660000,11.376455,2781400
2003-11-18,22.660000,22.670000,22.250000,22.254999,11.173124,2624800
2003-11-19,22.190001,22.415001,22.160000,22.379999,11.235880,1526800
2003-11-20,22.299999,22.375000,22.135000,22.135000,11.112878,1820000
2003-11-21,22.350000,22.350000,22.155001,22.215000,11.153040,1892600
2003-11-24,22.340000,22.540001,22.299999,22.455000,11.273535,1549200
2003-11-25,22.450001,22.639999,22.350000,22.535000,11.313696,2064800
2003-11-26,22.600000,22.674999,22.504999,22.645000,11.368921,1182800
2003-11-28,22.525000,22.545000,22.450001,22.504999,11.298634,904200
2003-12-01,22.500000,22.695000,22.495001,22.695000,11.394028,1889600
2003-12-02,22.695000,22.740000,22.575001,22.725000,11.409090,2576400
2003-12-03,22.760000,23.004999,22.719999,22.955000,11.524556,2675200
2003-12-04,22.875000,22.950001,22.799999,22.915001,11.504478,1244600
2003-12-05,22.875000,23.075001,22.830000,22.950001,11.522051,1551200
2003-12-08,22.875000,23.090000,22.775000,23.030001,11.562213,1592000
2003-12-09,23.115000,23.115000,22.920000,22.950001,11.522051,1900200
2003-12-10,22.950001,23.025000,22.795000,22.940001,11.517032,1344200
2003-12-11,22.940001,23.070000,22.940001,23.030001,11.562213,1334600
2003-12-12,22.975000,23.000000,22.799999,22.900000,11.496944,2353200
2003-12-15,23.000000,23.225000,22.879999,23.115000,11.604885,2879000
2003-12-16,23.115000,23.600000,23.075001,23.540001,11.818256,4172800
2003-12-17,23.450001,23.709999,22.440001,22.674999,11.383988,11024400
2003-12-18,22.700001,23.045000,22.504999,22.615000,11.353855,8681800
2003-12-19,22.615000,22.625000,22.389999,22.510000,11.301148,6658800
2003-12-22,22.510000,22.785000,22.504999,22.600000,11.346326,4850400
2003-12-23,22.590000,22.690001,22.170000,22.174999,11.132955,4925400
2003-12-24,22.250000,22.700001,22.250000,22.520000,11.306168,2211200
2003-12-26,22.495001,22.620001,22.450001,22.570000,11.331266,927800
2003-12-29,22.625000,22.709999,22.465000,22.709999,11.401557,3066400
2003-12-30,22.600000,22.850000,22.580000,22.780001,11.436700,2926200
2003-12-31,22.834999,22.915001,22.549999,22.650000,11.371433,2929200
2004-01-02,22.750000,22.900000,22.475000,22.504999,11.298634,2471800
2004-01-05,22.799999,22.950001,22.600000,22.875000,11.484390,4638600
2004-01-06,22.775000,22.860001,22.670000,22.750000,11.421637,2636400
2004-01-07,22.750000,22.770000,22.565001,22.680000,11.386491,3856800
2004-01-08,22.635000,22.799999,22.625000,22.725000,11.549123,2250800
2004-01-09,22.700001,22.855000,22.670000,22.799999,11.587236,3268600
2004-01-12,22.690001,22.875000,22.620001,22.750000,11.561824,3313400
2004-01-13,22.750000,22.780001,22.475000,22.540001,11.455100,2207800
2004-01-14,22.540001,22.719999,22.480000,22.650000,11.511009,1691200
2004-01-15,22.650000,22.674999,22.500000,22.575001,11.472890,2525200
2004-01-16,22.674999,22.775000,22.600000,22.719999,11.546580,2808000
2004-01-20,22.700001,22.980000,22.700001,22.965000,11.671092,3209400
2004-01-21,22.965000,23.000000,22.665001,22.924999,11.650765,3521600
2004-01-22,22.924999,22.924999,22.695000,22.740000,11.556746,2298800
2004-01-23,22.825001,22.945000,22.750000,22.850000,11.612650,3709600
2004-01-26,22.889999,23.105000,22.850000,23.049999,11.714294,2849200
2004-01-27,22.980000,23.004999,22.830000,22.975000,11.676176,4157600
2004-01-28,22.924999,23.150000,22.805000,22.875000,11.625351,4326600
2004-01-29,23.000000,23.075001,22.900000,23.000000,11.688878,2675000
2004-01-30,22.910000,22.950001,22.674999,22.715000,11.544044,4264600
2004-02-02,22.674999,22.975000,22.590000,22.740000,11.556746,2935200
2004-02-03,22.940001,22.940001,22.775000,22.825001,11.599944,1917400
2004-02-04,22.365000,22.555000,22.215000,22.455000,11.411910,7514000
2004-02-05,22.424999,22.610001,22.290001,22.440001,11.404280,6024600
2004-02-06,22.465000,22.600000,22.424999,22.500000,11.434774,5551400
2004-02-09,22.695000,22.695000,22.299999,22.459999,11.414446,3465800
2004-02-10,22.410000,22.575001,22.375000,22.530001,11.450016,3666800
2004-02-11,22.485001,22.625000,22.415001,22.495001,11.432233,4117800
2004-02-12,22.490000,22.555000,22.375000,22.459999,11.414446,2655000
2004-02-13,22.455000,22.549999,22.355000,22.420000,11.394115,3418400
2004-02-17,22.475000,22.485001,22.125000,22.445000,11.406822,6552400
2004-02-18,22.275000,22.469999,22.219999,22.350000,11.358541,4235000
2004-02-19,22.375000,22.695000,22.209999,22.500000,11.434774,3838000
2004-02-20,22.625000,22.625000,22.450001,22.545000,11.457646,2884200
2004-02-23,22.545000,22.805000,22.500000,22.764999,11.569448,3831600
2004-02-24,22.750000,22.934999,22.594999,22.900000,11.638059,4475800
2004-02-25,22.809999,22.990000,22.700001,22.930000,11.653305,2928200
2004-02-26,22.934999,23.004999,22.799999,22.924999,11.650765,2749600
2004-02-27,22.910000,23.000000,22.870001,22.990000,11.683798,2618400
2004-03-01,23.500000,23.700001,23.250000,23.594999,11.991267,6376600
2004-03-02,23.250000,23.570000,23.250000,23.520000,11.953153,4295200
2004-03-03,23.410000,23.584999,23.389999,23.584999,11.986184,2370400
2004-03-04,23.584999,23.584999,23.389999,23.500000,11.942986,1737400
2004-03-05,23.500000,23.799999,23.400000,23.799999,12.095451,3370000
2004-03-08,23.750000,23.879999,23.615000,23.705000,12.047173,2401400
2004-03-09,23.629999,23.820000,23.600000,23.790001,12.090368,1814600
2004-03-10,23.790001,24.000000,23.745001,23.834999,12.113235,3914600
2004-03-11,23.830000,23.830000,23.375000,23.465000,11.925201,3376600
2004-03-12,23.465000,23.465000,23.205000,23.379999,11.882001,4909800
2004-03-15,23.379999,23.379999,23.125000,23.174999,11.777821,2734000
2004-03-16,23.025000,23.305000,22.875000,23.075001,11.726995,6310600
2004-03-17,23.230000,23.370001,23.155001,23.250000,11.815932,3219800
2004-03-18,23.250000,23.480000,23.150000,23.295000,11.838801,2211800
2004-03-19,23.250000,23.344999,23.000000,23.000000,11.688878,4346400
2004-03-22,22.950001,23.365000,22.900000,23.205000,11.793063,3293600
2004-03-23,23.190001,23.350000,23.155001,23.174999,11.777821,2558600
2004-03-24,23.150000,23.250000,23.049999,23.205000,11.793063,2881800
2004-03-25,23.250000,23.350000,22.879999,23.240000,11.810851,2758200
2004-03-26,23.260000,23.264999,22.879999,22.900000,11.638059,2057600
2004-03-29,22.985001,23.250000,22.975000,23.250000,11.815932,1482800
2004-03-30,23.250000,23.290001,23.129999,23.275000,11.828634,1855400
2004-03-31,23.270000,23.370001,23.059999,23.340000,11.861675,1340600
2004-04-01,23.340000,23.650000,23.174999,23.459999,11.922662,2731400
2004-04-02,23.510000,23.549999,23.340000,23.375000,11.879457,2569400
2004-04-05,23.334999,23.375000,23.209999,23.330000,11.856593,1501800
2004-04-06,23.330000,23.475000,23.299999,23.410000,11.897248,3182400
2004-04-07,23.330000,23.480000,23.295000,23.350000,12.007807,3080000
2004-04-08,23.375000,23.375000,23.100000,23.195000,11.928105,2132000
2004-04-12,23.250000,23.250000,23.049999,23.129999,11.894674,1540600
2004-04-13,23.160000,23.254999,22.945000,22.980000,11.817540,3041400
2004-04-14,22.980000,23.205000,22.905001,23.180000,11.920389,2562200
2004-04-15,23.180000,23.480000,23.135000,23.405001,12.036095,1906400
2004-04-16,23.700001,23.700001,23.400000,23.605000,12.138947,2282400
2004-04-19,23.520000,23.770000,23.379999,23.684999,12.180083,3538400
2004-04-20,23.690001,23.719999,23.549999,23.559999,12.115802,3739600
2004-04-21,23.500000,23.650000,23.430000,23.545000,12.108095,2544000
2004-04-22,23.475000,23.995001,23.450001,23.959999,12.321508,3832800
2004-04-23,23.959999,24.139999,23.775000,24.139999,12.414074,2954600
2004-04-26,24.090000,24.180000,24.004999,24.165001,12.426927,2654600
2004-04-27,24.215000,24.350000,24.115000,24.139999,12.414074,3073200
2004-04-28,24.110001,24.174999,24.004999,24.055000,12.370359,2258400
2004-04-29,24.055000,24.305000,24.055000,24.254999,12.473209,2941400
2004-04-30,24.325001,24.514999,24.250000,24.375000,12.534925,4661400
2004-05-03,24.440001,24.584999,24.299999,24.565001,12.632630,2587400
2004-05-04,24.424999,24.424999,24.209999,24.290001,12.491212,2447600
2004-05-05,24.240000,24.299999,24.070000,24.165001,12.426927,2186800
2004-05-06,23.750000,23.959999,23.584999,23.930000,12.306080,5483200
2004-05-07,23.790001,24.004999,23.760000,23.825001,12.252086,2659800
2004-05-10,23.709999,23.875000,23.450001,23.475000,12.072091,3070600
2004-05-11,23.475000,23.615000,23.250000,23.360001,12.012956,3449000
2004-05-12,23.424999,23.424999,23.160000,23.315001,11.989813,2819200
2004-05-13,23.340000,23.420000,22.799999,22.930000,11.791825,4696000
2004-05-14,22.975000,23.000000,22.809999,22.930000,11.791825,4261800
2004-05-17,22.780001,23.094999,22.750000,22.940001,11.796971,2381200
2004-05-18,23.025000,23.070000,22.844999,22.905001,11.778973,1905400
2004-05-19,23.000000,23.004999,22.775000,22.809999,11.730117,2727800
2004-05-20,22.785000,22.920000,22.700001,22.850000,11.750688,2201200
2004-05-21,22.879999,22.995001,22.750000,22.785000,11.717261,1926400
2004-05-24,22.900000,22.905001,22.690001,22.764999,11.706973,1788400
2004-05-25,22.770000,22.940001,22.665001,22.825001,11.737830,2677200
2004-05-26,22.750000,23.020000,22.674999,22.950001,11.802112,1823600
2004-05-27,23.049999,23.170000,22.950001,22.990000,11.822680,2643400
2004-05-28,22.990000,23.084999,22.924999,23.025000,11.840680,2092800
2004-06-01,23.049999,23.084999,22.760000,22.889999,11.771258,3231800
2004-06-02,22.915001,22.975000,22.825001,22.895000,11.773824,3552000
2004-06-03,22.850000,23.025000,22.719999,22.825001,11.737830,3510000
2004-06-04,23.500000,24.075001,23.445000,23.924999,12.303511,21643000
2004-06-07,23.725000,23.750000,23.530001,23.674999,12.174944,4634200
2004-06-08,23.580000,23.700001,23.525000,23.650000,12.162086,2893800
2004-06-09,23.600000,23.750000,23.600000,23.639999,12.156942,3215000
2004-06-10,23.690001,23.690001,23.580000,23.625000,12.149231,2054000
2004-06-14,23.500000,23.570000,23.344999,23.415001,12.041240,2859200
2004-06-15,23.475000,23.485001,23.080000,23.150000,11.904956,3182600
2004-06-16,23.225000,23.264999,23.100000,23.215000,11.938388,1241400
2004-06-17,23.150000,23.230000,22.980000,23.045000,11.850966,1883800
2004-06-18,23.045000,23.165001,22.795000,22.830000,11.740400,2788600
2004-06-21,22.879999,23.000000,22.760000,22.905001,11.778973,2826400
2004-06-22,22.945000,23.000000,22.775000,22.930000,11.791825,1807200
2004-06-23,22.959999,22.959999,22.750000,22.915001,11.784109,2216200
2004-06-24,22.924999,23.094999,22.674999,23.084999,11.871533,3831000
2004-06-25,23.080000,23.090000,22.750000,22.750000,11.699259,6533200
2004-06-28,22.875000,23.025000,22.825001,22.950001,11.802112,2787800
2004-06-29,22.950001,23.100000,22.905001,23.059999,11.858679,2158000
2004-06-30,23.299999,23.850000,23.145000,23.764999,12.221222,8213400
2004-07-01,23.549999,23.865000,23.545000,23.750000,12.213511,4419000
2004-07-02,23.750000,23.750000,23.475000,23.490000,12.079806,2804600
2004-07-06,23.490000,23.565001,23.315001,23.375000,12.020665,2057600
2004-07-07,23.400000,23.450001,23.075001,23.100000,11.879248,2624600
2004-07-08,22.940001,23.350000,22.910000,23.120001,12.051260,2179000
2004-07-09,23.150000,23.375000,23.075001,23.350000,12.171146,2252800
2004-07-12,23.389999,23.485001,23.205000,23.305000,12.147693,1444000
2004-07-13,23.344999,23.344999,23.075001,23.200001,12.092962,1458400
2004-07-14,23.200001,23.340000,22.969999,23.040001,12.009562,2210400
2004-07-15,23.125000,23.174999,22.840000,22.840000,11.905313,1778400
2004-07-16,22.980000,23.004999,22.735001,22.825001,11.897490,2530400
2004-07-19,22.805000,23.075001,22.795000,22.920000,11.947015,1659800
2004-07-20,23.020000,23.469999,22.975000,23.469999,12.233701,3342000
2004-07-21,23.450001,23.469999,23.250000,23.375000,12.184179,2963600
2004-07-22,23.315001,23.325001,23.094999,23.100000,12.040833,2684600
2004-07-23,23.150000,23.150000,22.700001,22.770000,11.868827,3126200
2004-07-26,22.674999,22.900000,22.645000,22.900000,11.936586,2755000
2004-07-27,22.900000,22.995001,22.690001,22.750000,11.858396,1772000
2004-07-28,22.760000,22.775000,22.500000,22.625000,11.793242,1868200
2004-07-29,22.650000,22.655001,22.475000,22.485001,11.720265,2267000
2004-07-30,22.514999,22.584999,22.395000,22.450001,11.702027,2463600
2004-08-02,22.455000,22.719999,22.400000,22.680000,11.821909,1994000
2004-08-03,22.650000,22.680000,22.434999,22.459999,11.707237,1473400
2004-08-04,22.375000,22.575001,22.360001,22.450001,11.702027,1477000
2004-08-05,22.520000,22.620001,22.469999,22.469999,11.712446,1509600
2004-08-06,22.424999,22.600000,22.360001,22.535000,11.746330,1698800
2004-08-09,22.525000,22.610001,22.475000,22.530001,11.743721,1647400
2004-08-10,22.594999,22.620001,22.385000,22.620001,11.790639,1556400
2004-08-11,22.620001,22.865000,22.480000,22.865000,11.918340,1598200
2004-08-12,22.790001,22.965000,22.695000,22.700001,11.832336,1829400
2004-08-13,22.764999,22.950001,22.625000,22.934999,11.954826,1829800
2004-08-16,22.850000,22.924999,22.725000,22.855000,11.913130,2391600
2004-08-17,22.900000,22.975000,22.825001,22.975000,11.975683,1457200
2004-08-18,22.915001,23.250000,22.875000,23.209999,12.098173,1585600
2004-08-19,23.230000,23.240000,23.075001,23.240000,12.113811,1131800
2004-08-20,23.240000,23.320000,23.160000,23.309999,12.150297,1205800
2004-08-23,23.360001,23.424999,23.254999,23.275000,12.132052,951400
2004-08-24,23.305000,23.375000,23.180000,23.315001,12.152903,1033800
2004-08-25,23.350000,23.424999,23.240000,23.410000,12.202418,1366400
2004-08-26,23.420000,23.549999,23.420000,23.500000,12.249335,1587000
2004-08-27,23.510000,23.635000,23.450001,23.600000,12.301464,1943800
2004-08-30,23.590000,23.594999,23.455000,23.475000,12.236301,977600
2004-08-31,23.540001,23.629999,23.485001,23.625000,12.314495,1354800
2004-09-01,23.625000,23.750000,23.500000,23.670000,12.337950,1605800
2004-09-02,23.575001,23.764999,23.575001,23.745001,12.377039,1497400
2004-09-03,23.775000,23.815001,23.725000,23.764999,12.387463,1289600
2004-09-07,23.750000,23.764999,23.580000,23.660000,12.332738,2073800
2004-09-08,23.549999,23.549999,23.225000,23.264999,12.126846,3189400
2004-09-09,23.315001,23.475000,23.270000,23.325001,12.158122,1524200
2004-09-10,23.325001,23.365000,23.084999,23.325001,12.158122,1507200
2004-09-13,23.330000,23.450001,23.250000,23.355000,12.173756,1364200
2004-09-14,23.355000,23.495001,23.299999,23.424999,12.210240,1470400
2004-09-15,23.500000,23.635000,23.305000,23.555000,12.278007,1885800
2004-09-16,23.559999,23.610001,23.290001,23.385000,12.189394,1837600
2004-09-17,23.424999,23.750000,23.424999,23.615000,12.309280,3025200
2004-09-20,23.500000,23.540001,23.000000,23.165001,12.074717,4375800
2004-09-21,22.875000,22.924999,22.555000,22.674999,11.819305,5924600
2004-09-22,22.670000,22.670000,22.235001,22.465000,11.709848,5869600
2004-09-23,22.450001,22.615000,22.309999,22.445000,11.699416,2880400
2004-09-24,22.490000,22.575001,22.430000,22.545000,11.751545,1881200
2004-09-27,22.545000,22.580000,22.424999,22.445000,11.699416,2475200
2004-09-28,22.495001,22.650000,22.389999,22.400000,11.675962,2116000
2004-09-29,22.400000,22.565001,22.200001,22.545000,11.751545,2372800
2004-09-30,22.480000,22.584999,22.400000,22.450001,11.702027,3712600
2004-10-01,22.525000,22.700001,22.469999,22.650000,11.806276,1587000
2004-10-04,22.250000,22.629999,22.245001,22.629999,11.795848,14402200
2004-10-05,22.775000,22.934999,22.495001,22.549999,11.754154,27976200
2004-10-06,22.549999,22.555000,22.375000,22.525000,11.904779,7192200
2004-10-07,22.545000,22.549999,22.250000,22.340000,11.806999,4826800
2004-10-08,22.325001,22.400000,22.254999,22.350000,11.812283,5056800
2004-10-11,22.400000,22.450001,22.110001,22.110001,11.685443,4193600
2004-10-12,22.125000,22.250000,22.035000,22.100000,11.680154,3630000
2004-10-13,22.225000,22.295000,22.045000,22.165001,11.714513,3339600
2004-10-14,22.125000,22.240000,21.955000,21.985001,11.619380,2792800
2004-10-15,22.025000,22.155001,21.900000,21.924999,11.587668,2844200
2004-10-18,21.924999,22.040001,21.834999,21.990000,11.622019,3375600
2004-10-19,22.000000,22.110001,21.879999,21.955000,11.603523,3133200
2004-10-20,21.934999,22.014999,21.780001,21.820000,11.532173,3459800
2004-10-21,21.815001,21.924999,21.735001,21.855000,11.550670,3547000
2004-10-22,21.875000,21.889999,21.650000,21.650000,11.442327,2430000
2004-10-25,21.725000,21.879999,21.504999,21.695000,11.466105,3552000
2004-10-26,21.684999,21.895000,21.670000,21.875000,11.561243,2769400
2004-10-27,21.895000,21.930000,21.795000,21.910000,11.579740,2828800
2004-10-28,21.930000,21.950001,21.760000,21.889999,11.569170,3170800
2004-10-29,21.934999,22.125000,21.825001,22.125000,11.693372,4675000
2004-11-01,22.250000,22.260000,21.969999,22.045000,11.651087,3132400
2004-11-02,22.075001,22.120001,21.934999,21.975000,11.614092,3347200
2004-11-03,22.065001,22.389999,22.020000,22.250000,11.759434,6519800
2004-11-04,22.250000,22.540001,22.025000,22.525000,11.904779,6472600
2004-11-05,22.625000,22.655001,22.495001,22.600000,11.944414,3472600
2004-11-08,22.600000,22.625000,22.500000,22.514999,11.899493,5588200
2004-11-09,22.514999,22.650000,22.375000,22.570000,11.928558,2700200
2004-11-10,22.600000,22.680000,22.530001,22.645000,11.968197,2931800
2004-11-11,22.645000,22.809999,22.590000,22.799999,12.050115,2089000
2004-11-12,22.840000,22.950001,22.709999,22.950001,12.129396,2717200
2004-11-15,22.650000,22.795000,22.580000,22.695000,11.994622,3516200
2004-11-16,22.695000,22.695000,22.555000,22.570000,11.928558,1850400
2004-11-17,22.639999,22.750000,22.575001,22.680000,11.986693,2625200
2004-11-18,22.745001,22.775000,22.620001,22.690001,11.991976,1649000
2004-11-19,22.725000,22.730000,22.299999,22.315001,11.793789,3358400
2004-11-22,22.450001,22.450001,22.190001,22.275000,11.772643,2998200
2004-11-23,22.225000,22.395000,22.070000,22.344999,11.809639,3266200
2004-11-24,22.434999,22.545000,22.365000,22.490000,11.886279,1799200
2004-11-26,22.495001,22.565001,22.475000,22.475000,11.878351,621800
2004-11-29,22.500000,22.639999,22.480000,22.580000,11.933846,2799000
2004-11-30,22.594999,22.785000,22.500000,22.745001,12.021049,3631000
2004-12-01,22.840000,23.389999,22.815001,23.315001,12.322299,6703600
2004-12-02,23.215000,23.549999,23.205000,23.549999,12.446501,3549800
2004-12-03,23.500000,23.549999,23.235001,23.285000,12.306448,2700200
2004-12-06,23.285000,23.299999,23.055000,23.135000,12.227165,1784800
2004-12-07,23.190001,23.225000,22.809999,22.900000,12.102969,2826600
2004-12-08,22.930000,23.110001,22.905001,23.090000,12.203385,1973000
2004-12-09,23.090000,23.459999,22.934999,23.430000,12.383080,2805400
2004-12-10,23.325001,23.559999,23.165001,23.530001,12.435930,3562200
2004-12-13,23.575001,23.639999,23.325001,23.635000,12.491427,2374600
2004-12-14,23.700001,24.299999,23.700001,24.260000,12.821749,6723800
2004-12-15,24.225000,24.230000,24.049999,24.209999,12.795326,4248800
2004-12-16,24.160000,24.209999,24.000000,24.180000,12.779469,3695400
2004-12-17,24.230000,24.490000,24.190001,24.360001,12.874594,7283800
2004-12-20,24.360001,24.575001,24.235001,24.559999,12.980299,4799000
2004-12-21,24.500000,24.785000,24.125000,24.500000,12.948585,7401800
2004-12-22,24.575001,24.584999,24.340000,24.540001,12.969735,2973400
2004-12-23,24.575001,24.709999,24.559999,24.610001,13.006725,3252800
2004-12-27,24.660000,24.760000,24.559999,24.629999,13.017300,2293600
2004-12-28,24.740000,24.934999,24.639999,24.905001,13.162642,3446400
2004-12-29,24.955000,24.980000,24.790001,24.889999,13.154708,1841800
2004-12-30,24.924999,24.940001,24.825001,24.910000,13.165281,1425200
2004-12-31,24.959999,24.959999,24.775000,24.855000,13.136210,1594800
2005-01-03,24.870001,24.875000,24.400000,24.450001,12.922163,4230000
2005-01-04,24.565001,24.620001,24.235001,24.375000,12.882527,3371200
2005-01-05,24.275000,24.950001,24.219999,24.875000,13.146787,7397200
2005-01-06,24.834999,24.950001,24.709999,24.900000,13.326077,4572800
2005-01-07,24.995001,25.475000,24.985001,25.469999,13.631123,10910400
2005-01-10,25.250000,25.605000,25.250000,25.549999,13.673944,6671000
2005-01-11,25.350000,25.500000,25.299999,25.490000,13.641828,6334600
2005-01-12,25.549999,25.620001,25.180000,25.480000,13.636474,5076400
2005-01-13,25.365000,25.469999,25.235001,25.295000,13.537465,3031200
2005-01-14,25.424999,25.434999,25.225000,25.320000,13.550847,3024200
2005-01-18,25.250000,25.924999,25.200001,25.910000,13.866604,5306000
2005-01-19,26.000000,26.200001,25.930000,26.090000,13.962939,7021000
2005-01-20,25.950001,26.295000,25.950001,26.174999,14.008428,6140600
2005-01-21,26.150000,26.150000,25.915001,25.955000,13.890689,4454800
2005-01-24,25.975000,26.000000,25.760000,25.920000,13.871959,4154200
2005-01-25,25.924999,26.094999,25.775000,25.945000,13.885338,5205400
2005-01-26,25.985001,26.115000,25.950001,26.040001,13.936183,3791200
2005-01-27,26.000000,26.350000,25.950001,26.340000,14.096739,3970200
2005-01-28,26.340000,26.945000,26.250000,26.450001,14.155605,8033800
2005-01-31,26.450001,26.655001,26.360001,26.495001,14.179684,4098800
2005-02-01,26.250000,26.770000,26.160000,26.680000,14.278700,4986000
2005-02-02,26.695000,26.770000,26.475000,26.549999,14.209125,3177800
2005-02-03,26.575001,26.610001,26.450001,26.540001,14.203773,3292400
2005-02-04,26.540001,26.549999,26.415001,26.500000,14.182364,7395000
2005-02-07,26.500000,26.725000,26.325001,26.400000,14.128849,9159000
2005-02-08,26.424999,26.530001,26.315001,26.475000,14.168979,4063800
2005-02-09,26.400000,26.465000,26.250000,26.325001,14.088707,2818200
2005-02-10,26.325001,26.415001,26.230000,26.325001,14.088707,3099000
2005-02-11,26.325001,26.400000,26.254999,26.325001,14.088707,4241400
2005-02-14,26.330000,26.340000,26.219999,26.309999,14.080675,1556800
2005-02-15,26.434999,26.450001,26.275000,26.325001,14.088707,2493600
2005-02-16,26.275000,26.430000,26.225000,26.350000,14.102086,3424000
2005-02-17,26.344999,26.355000,26.084999,26.084999,13.960267,2594800
2005-02-18,26.035000,26.070000,25.805000,25.870001,13.845199,2428600
2005-02-22,25.750000,25.850000,25.375000,25.375000,13.580277,4865600
2005-02-23,25.375000,25.680000,25.355000,25.680000,13.743513,3464000
2005-02-24,25.674999,25.875000,25.545000,25.875000,13.847870,2524400
2005-02-25,25.799999,26.165001,25.799999,26.020000,13.925473,2888200
2005-02-28,25.934999,26.280001,25.825001,26.184999,14.013777,2231800
2005-03-01,26.184999,26.430000,26.160000,26.415001,14.136872,3115200
2005-03-02,26.299999,26.400000,26.125000,26.165001,14.003074,3260200
2005-03-03,26.170000,26.275000,26.055000,26.170000,14.005754,2216200
2005-03-04,26.235001,26.309999,25.980000,26.150000,13.995052,2267800
2005-03-07,26.174999,26.174999,25.850000,25.924999,13.874632,3831000
2005-03-08,25.955000,25.975000,25.799999,25.850000,13.834495,2576800
2005-03-09,25.850000,25.850000,25.510000,25.570000,13.684645,3445200
2005-03-10,25.725000,25.950001,25.705000,25.885000,13.853225,2781800
2005-03-11,25.825001,26.020000,25.594999,25.655001,13.730132,2481400
2005-03-14,25.680000,25.940001,25.650000,25.940001,13.882661,2886400
2005-03-15,26.080000,26.350000,26.049999,26.205000,14.024487,3862800
2005-03-16,26.080000,26.190001,25.945000,25.975000,13.901386,2769000
2005-03-17,25.975000,25.975000,25.450001,25.500000,13.647180,3434800
2005-03-18,25.500000,25.764999,25.495001,25.764999,13.789006,5471000
2005-03-21,25.830000,25.950001,25.625000,25.760000,13.786328,2338800
2005-03-22,25.549999,25.555000,24.709999,24.709999,13.224389,9504400
2005-03-23,24.750000,25.145000,24.680000,25.075001,13.419724,5273600
2005-03-24,25.070000,25.100000,24.889999,24.924999,13.339451,2935600
2005-03-28,25.000000,25.165001,24.980000,25.004999,13.382266,2287600
2005-03-29,25.004999,25.065001,24.620001,24.660000,13.197621,4788400
2005-03-30,24.730000,24.990000,24.700001,24.730000,13.235091,3204400
2005-03-31,24.639999,24.705000,24.525000,24.575001,13.152141,3784400
2005-04-01,24.594999,24.700001,24.145000,24.325001,13.018334,4310800
2005-04-04,24.240000,24.475000,24.025000,24.395000,13.055799,4647200
2005-04-05,24.395000,24.750000,24.270000,24.665001,13.200302,2880000
2005-04-06,24.700001,24.764999,24.584999,24.754999,13.248470,2868800
2005-04-07,24.600000,24.764999,24.490000,24.719999,13.397511,3039600
2005-04-08,24.650000,24.830000,24.514999,24.615000,13.340600,2939600
2005-04-11,24.705000,24.799999,24.530001,24.690001,13.381250,1761800
2005-04-12,24.690001,24.850000,24.480000,24.780001,13.430033,2385000
2005-04-13,24.825001,24.900000,24.514999,24.535000,13.297246,2584400
2005-04-14,24.545000,24.620001,24.405001,24.434999,13.243046,3710400
2005-04-15,24.410000,24.525000,24.174999,24.174999,13.102139,3352400
2005-04-18,24.280001,24.469999,24.115000,24.275000,13.156332,3176000
2005-04-19,24.350000,24.400000,24.209999,24.250000,13.142777,2886000
2005-04-20,24.250000,24.375000,24.040001,24.080000,13.050650,2150200
2005-04-21,24.250000,24.350000,24.115000,24.260000,13.148200,2157600
2005-04-22,24.275000,24.445000,24.090000,24.280001,13.159045,2713200
2005-04-25,24.400000,24.639999,24.350000,24.514999,13.286405,2137600
2005-04-26,24.500000,24.500000,24.200001,24.225000,13.129237,2561600
2005-04-27,24.225000,24.450001,24.100000,24.420000,13.234916,2233200
2005-04-28,24.355000,24.600000,24.260000,24.525000,13.291825,3560400
2005-04-29,24.535000,24.730000,24.424999,24.700001,13.386674,3817200
2005-05-02,24.760000,24.809999,24.535000,24.639999,13.354155,1832800
2005-05-03,24.639999,25.090000,24.610001,24.975000,13.535715,3576800
2005-05-04,25.010000,25.105000,24.750000,24.840000,13.462545,2921200
2005-05-05,24.865000,25.025000,24.674999,24.825001,13.454416,1491600
2005-05-06,24.975000,24.995001,24.705000,24.725000,13.400222,1362800
2005-05-09,24.760000,24.834999,24.635000,24.780001,13.430033,2438000
2005-05-10,24.780001,24.809999,24.549999,24.620001,13.343312,2074800
2005-05-11,24.690001,24.870001,24.600000,24.799999,13.440863,3207600
2005-05-12,24.840000,24.915001,24.565001,24.605000,13.335182,3139600
2005-05-13,24.674999,24.764999,24.459999,24.469999,13.262015,3314000
2005-05-16,24.565001,24.750000,24.559999,24.700001,13.386674,3579400
2005-05-17,24.725000,24.809999,24.620001,24.715000,13.394796,3369800
2005-05-18,24.740000,24.825001,24.535000,24.584999,13.324344,4315400
2005-05-19,24.584999,24.825001,24.520000,24.725000,13.400222,3541200
2005-05-20,24.735001,24.775000,24.665001,24.719999,13.397511,2401000
2005-05-23,24.775000,24.825001,24.690001,24.764999,13.421900,2103400
2005-05-24,24.690001,24.799999,24.635000,24.705000,13.389380,1994000
2005-05-25,24.709999,24.785000,24.510000,24.665001,13.367699,2326600
2005-05-26,24.725000,24.915001,24.700001,24.879999,13.484223,1806200
2005-05-27,24.855000,24.924999,24.719999,24.840000,13.462545,1132000
2005-05-31,24.895000,24.895000,24.745001,24.750000,13.413767,2673000
2005-06-01,25.025000,25.584999,25.025000,25.285000,13.703728,5020400
2005-06-02,25.315001,25.410000,25.200001,25.334999,13.730819,2541200
2005-06-03,25.260000,25.485001,25.135000,25.295000,13.709144,2053400
2005-06-06,25.375000,25.440001,25.190001,25.424999,13.779598,2207400
2005-06-07,25.500000,25.625000,25.405001,25.525000,13.833799,2344400
2005-06-08,25.650000,25.725000,25.400000,25.424999,13.779598,2509400
2005-06-09,25.500000,25.559999,25.299999,25.559999,13.852763,2755800
2005-06-10,25.555000,25.665001,25.475000,25.639999,13.896121,2594600
2005-06-13,25.629999,25.674999,25.459999,25.510000,13.825669,2326600
2005-06-14,25.600000,25.620001,25.379999,25.430000,13.782308,3260600
2005-06-15,25.475000,25.504999,25.350000,25.500000,13.820244,2106000
2005-06-16,25.500000,25.565001,25.395000,25.480000,13.809408,2369800
2005-06-17,25.525000,25.650000,25.480000,25.625000,13.887989,5141600
2005-06-20,25.625000,25.650000,25.445000,25.500000,13.820244,2014400
2005-06-21,25.500000,25.530001,25.415001,25.514999,13.828379,2522200
2005-06-22,25.565001,25.610001,25.514999,25.535000,13.839215,2592800
2005-06-23,25.535000,25.570000,25.415001,25.500000,13.820244,2719000
2005-06-24,25.520000,25.600000,25.334999,25.344999,13.736240,3699200
2005-06-27,25.370001,25.400000,25.150000,25.200001,13.657656,4554600
2005-06-28,25.200001,25.370001,25.150000,25.305000,13.714559,5106400
2005-06-29,24.424999,24.565001,23.465000,23.605000,12.793210,21812800
2005-06-30,23.459999,23.660000,23.360001,23.395000,12.679401,9767000
2005-07-01,23.480000,23.680000,23.280001,23.355000,12.657715,5528000
2005-07-05,23.360001,23.635000,23.355000,23.549999,12.763402,5235800
2005-07-06,23.555000,23.600000,22.950001,23.020000,12.476160,6387600
2005-07-07,22.775000,23.000000,22.745001,22.934999,12.610871,7098800
2005-07-08,22.920000,23.174999,22.875000,23.100000,12.701603,4577600
2005-07-11,23.139999,23.340000,23.139999,23.330000,12.828071,4869400
2005-07-12,23.280001,23.600000,23.280001,23.590000,12.971030,5159000
2005-07-13,23.590000,23.600000,23.395000,23.480000,12.910542,3668600
2005-07-14,23.605000,23.730000,23.424999,23.445000,12.891293,5870000
2005-07-15,23.445000,23.520000,23.344999,23.415001,12.874803,3029800
2005-07-18,23.365000,23.424999,23.254999,23.254999,12.786826,2753200
2005-07-19,23.299999,23.360001,23.200001,23.254999,12.786826,5129000
2005-07-20,23.254999,23.295000,23.125000,23.145000,12.726346,4400200
2005-07-21,23.160000,23.315001,23.160000,23.260000,12.789575,6015800
2005-07-22,23.245001,23.344999,23.200001,23.330000,12.828071,3094800
2005-07-25,23.330000,23.540001,23.264999,23.445000,12.891293,3499400
2005-07-26,23.450001,23.520000,23.365000,23.424999,12.880301,2894600
2005-07-27,23.485001,23.625000,23.424999,23.459999,12.899549,2201600
2005-07-28,23.520000,23.865000,23.514999,23.770000,13.069994,3119800
2005-07-29,23.805000,23.840000,23.575001,23.700001,13.031512,2713000
2005-08-01,23.775000,23.889999,23.650000,23.655001,13.006765,2579400
2005-08-02,23.725000,23.745001,23.625000,23.674999,13.017759,2239800
2005-08-03,23.625000,23.690001,23.594999,23.620001,12.987522,3000200
2005-08-04,23.620001,23.625000,23.385000,23.455000,12.896791,3424400
2005-08-05,23.389999,23.410000,23.275000,23.355000,12.841809,2191400
2005-08-08,23.360001,23.485001,23.355000,23.430000,12.883057,2309600
2005-08-09,23.490000,23.680000,23.459999,23.650000,13.004016,2865200
2005-08-10,23.700001,23.905001,23.674999,23.735001,13.050751,2089200
2005-08-11,23.775000,23.850000,23.705000,23.830000,13.102994,2496400
2005-08-12,23.750000,23.924999,23.745001,23.850000,13.113990,1439400
2005-08-15,23.889999,23.950001,23.834999,23.855000,13.116736,1930800
2005-08-16,23.860001,23.920000,23.695000,23.709999,13.037010,1672400
2005-08-17,23.690001,23.860001,23.594999,23.780001,13.075499,1967600
2005-08-18,23.735001,23.934999,23.735001,23.865000,13.122237,1970200
2005-08-19,23.959999,23.985001,23.875000,23.915001,13.149731,1921200
2005-08-22,23.985001,24.045000,23.735001,23.920000,13.152477,1508200
2005-08-23,23.920000,23.975000,23.809999,23.809999,13.091995,2251000
2005-08-24,23.625000,23.895000,23.625000,23.760000,13.064505,1968200
2005-08-25,23.495001,23.590000,23.450001,23.514999,12.929789,6267000
2005-08-26,23.510000,23.525000,23.400000,23.450001,12.894046,2643000
2005-08-29,23.334999,23.565001,23.299999,23.520000,12.932536,2277000
2005-08-30,23.469999,23.469999,23.129999,23.200001,12.756588,5686200
2005-08-31,23.200001,23.230000,22.910000,23.059999,12.679606,6709600
2005-09-01,23.025000,23.160000,22.985001,23.040001,12.668612,4570800
2005-09-02,23.049999,23.184999,22.955000,23.075001,12.687854,2075200
2005-09-06,23.190001,23.270000,23.139999,23.230000,12.773080,2624000
2005-09-07,23.184999,23.285000,23.094999,23.275000,12.797822,2026400
2005-09-08,23.190001,23.205000,22.980000,23.070000,12.685102,2939600
2005-09-09,23.100000,23.360001,23.100000,23.305000,12.814316,2092600
2005-09-12,23.260000,23.525000,23.260000,23.525000,12.935287,4582600
2005-09-13,23.535000,23.549999,23.379999,23.410000,12.872049,4569400
2005-09-14,23.450001,23.455000,23.145000,23.155001,12.731842,2796200
2005-09-15,23.160000,23.200001,22.965000,23.004999,12.649365,4821200
2005-09-16,23.100000,23.250000,23.004999,23.184999,12.748337,3295200
2005-09-19,23.094999,23.170000,22.834999,22.865000,12.572385,2627400
2005-09-20,22.900000,22.980000,22.525000,22.600000,12.426671,3330000
2005-09-21,22.549999,22.555000,22.334999,22.340000,12.283713,4954200
2005-09-22,22.549999,23.120001,22.549999,23.094999,12.698853,9127800
2005-09-23,23.065001,23.225000,22.959999,23.004999,12.649365,3003200
2005-09-26,23.055000,23.115000,22.665001,22.940001,12.613626,4206600
2005-09-27,23.040001,23.315001,22.950001,23.240000,12.778581,3491200
2005-09-28,23.395000,23.535000,23.285000,23.450001,12.894046,3476200
2005-09-29,23.535000,23.750000,23.379999,23.719999,13.042507,2975400
2005-09-30,23.764999,24.125000,23.740000,24.100000,13.251453,4003800
2005-10-03,24.100000,24.165001,23.975000,24.059999,13.229455,3272400
2005-10-04,24.059999,24.205000,24.000000,24.020000,13.207462,3302600
2005-10-05,23.840000,24.059999,23.785000,23.930000,13.341266,4893200
2005-10-06,24.025000,24.170000,23.959999,24.139999,13.458347,5829400
2005-10-07,24.125000,24.174999,23.915001,24.014999,13.388659,3767600
2005-10-10,23.975000,24.035000,23.790001,23.879999,13.313392,2129200
2005-10-11,23.879999,24.150000,23.875000,23.930000,13.341266,3334400
2005-10-12,23.860001,24.155001,23.855000,23.969999,13.363572,2430800
2005-10-13,23.855000,24.075001,23.820000,23.930000,13.341266,4481800
2005-10-14,23.950001,24.500000,23.915001,24.490000,13.653474,5737000
2005-10-17,24.490000,24.615000,24.325001,24.535000,13.678557,3692800
2005-10-18,24.625000,24.690001,24.514999,24.514999,13.667414,3125800
2005-10-19,24.495001,24.549999,24.155001,24.504999,13.661835,3347400
2005-10-20,24.510000,24.600000,24.165001,24.195000,13.489009,2702200
2005-10-21,24.264999,24.270000,23.860001,24.145000,13.461129,3883600
2005-10-24,24.160000,24.379999,24.105000,24.370001,13.586574,3442000
2005-10-25,24.370001,24.459999,24.150000,24.285000,13.539184,2326600
2005-10-26,24.250000,24.580000,24.200001,24.375000,13.589357,3255000
2005-10-27,24.325001,24.350000,24.080000,24.200001,13.491798,3370200
2005-10-28,24.275000,24.375000,24.180000,24.375000,13.589357,4936000
2005-10-31,24.450001,24.450001,24.014999,24.129999,13.452764,5329400
2005-11-01,24.230000,24.459999,24.174999,24.365000,13.583786,4358400
2005-11-02,24.299999,24.400000,24.155001,24.215000,13.500161,2949800
2005-11-03,24.195000,24.490000,23.940001,23.980000,13.369143,2964600
2005-11-04,23.980000,24.000000,23.584999,23.820000,13.279944,4472400
2005-11-07,23.975000,24.049999,23.770000,23.825001,13.282726,2701800
2005-11-08,23.775000,23.844999,23.650000,23.764999,13.249274,2651600
2005-11-09,23.785000,23.980000,23.625000,23.910000,13.330118,2535400
2005-11-10,23.915001,24.170000,23.809999,24.125000,13.449983,3559600
2005-11-11,24.075001,24.084999,23.959999,24.040001,13.402593,1598600
2005-11-14,23.975000,24.030001,23.910000,24.010000,13.385873,2296400
2005-11-15,24.010000,24.025000,23.905001,23.980000,13.369143,1906400
2005-11-16,23.985001,24.000000,23.860001,23.920000,13.335690,1967400
2005-11-17,23.924999,23.924999,23.670000,23.820000,13.279944,4889000
2005-11-18,23.975000,23.975000,23.820000,23.870001,13.307813,2559600
2005-11-21,23.815001,23.950001,23.730000,23.850000,13.296667,2691400
2005-11-22,23.850000,24.049999,23.809999,23.975000,13.366355,3571200
2005-11-23,23.975000,24.100000,23.924999,24.059999,13.413743,1654800
2005-11-25,24.075001,24.129999,24.020000,24.049999,13.408168,635600
2005-11-28,24.000000,24.055000,23.879999,24.010000,13.385873,2908600
2005-11-29,24.075001,24.250000,24.075001,24.100000,13.436045,3679600
2005-11-30,24.174999,24.174999,23.750000,23.764999,13.249274,2270600
2005-12-01,23.875000,24.305000,23.834999,24.260000,13.525248,2850200
2005-12-02,24.129999,24.190001,24.004999,24.139999,13.458347,1767000
2005-12-05,24.139999,24.225000,24.014999,24.059999,13.413743,2671600
2005-12-06,24.105000,24.245001,24.035000,24.035000,13.399802,2573600
2005-12-07,24.100000,24.290001,24.055000,24.139999,13.458347,3536800
2005-12-08,24.120001,24.170000,23.950001,24.055000,13.410960,1776000
2005-12-09,24.174999,24.275000,23.990000,24.075001,13.422104,1630600
2005-12-12,24.129999,24.745001,24.059999,24.600000,13.714800,5893400
2005-12-13,24.549999,25.049999,24.500000,24.920000,13.893206,7612800
2005-12-14,24.924999,25.245001,24.924999,25.014999,13.946171,3838400
2005-12-15,25.004999,25.070000,24.770000,24.770000,13.809576,4374800
2005-12-16,24.924999,24.995001,24.684999,24.875000,13.868117,5606400
2005-12-19,24.900000,25.000000,24.690001,24.750000,13.798425,2323200
2005-12-20,24.815001,24.844999,24.594999,24.665001,13.751040,1933800
2005-12-21,24.665001,24.840000,24.580000,24.674999,13.756610,1701600
2005-12-22,24.875000,25.084999,24.805000,25.049999,13.965682,6542000
2005-12-23,24.995001,24.995001,24.770000,24.830000,13.843027,3039000
2005-12-27,24.834999,25.020000,24.815001,24.875000,13.868117,3665800
2005-12-28,24.975000,25.000000,24.809999,24.940001,13.904357,2309400
2005-12-29,24.900000,24.975000,24.840000,24.955000,13.912715,1976400
2005-12-30,24.900000,24.900000,24.660000,24.660000,13.748248,2266600
2006-01-03,24.760000,24.795000,24.555000,24.790001,13.820731,3859400
2006-01-04,24.875000,25.014999,24.764999,24.995001,13.935021,3785200
2006-01-05,25.000000,25.049999,24.719999,24.860001,13.859755,2844400
2006-01-06,24.799999,24.955000,24.740000,24.865000,14.054764,3911200
2006-01-09,24.889999,24.959999,24.799999,24.870001,14.057589,3216200
2006-01-10,24.855000,24.934999,24.754999,24.930000,14.091505,1812200
2006-01-11,24.975000,25.139999,24.975000,25.094999,14.184772,4580000
2006-01-12,25.049999,25.080000,24.924999,24.985001,14.122591,2309800
2006-01-13,25.030001,25.049999,24.889999,24.980000,14.119769,2577200
2006-01-17,24.950001,25.030001,24.719999,24.750000,13.989758,4380000
2006-01-18,24.750000,25.010000,24.750000,24.950001,14.102808,2432200
2006-01-19,25.040001,25.040001,24.830000,24.924999,14.088675,3017400
2006-01-20,24.950001,24.959999,24.590000,24.615000,13.913448,3309000
2006-01-23,24.715000,24.870001,24.400000,24.434999,13.811709,2906400
2006-01-24,24.434999,24.545000,24.275000,24.379999,13.780622,1835800
2006-01-25,24.400000,24.495001,24.275000,24.320000,13.746703,3327000
2006-01-26,24.745001,24.745001,24.059999,24.129999,13.639308,2885200
2006-01-27,24.090000,24.455000,24.014999,24.379999,13.780622,2095400
2006-01-30,24.424999,24.480000,24.290001,24.415001,13.800403,1649600
2006-01-31,24.375000,24.440001,24.190001,24.305000,13.738228,2920800
2006-02-01,24.299999,24.570000,24.275000,24.365000,13.772141,2642600
2006-02-02,24.424999,24.495001,24.190001,24.200001,13.678873,2379200
2006-02-03,24.200001,24.225000,23.705000,23.780001,13.441474,3639200
2006-02-06,23.900000,24.025000,23.745001,23.750000,13.424518,4720800
2006-02-07,23.764999,23.924999,23.750000,23.750000,13.424518,3133600
2006-02-08,23.740000,23.764999,23.575001,23.620001,13.351031,4419400
2006-02-09,23.695000,23.695000,23.525000,23.625000,13.353863,5261000
2006-02-10,23.570000,23.825001,23.570000,23.754999,13.427342,5873200
2006-02-13,23.840000,23.879999,23.680000,23.825001,13.466909,3632200
2006-02-14,23.799999,23.865000,23.750000,23.825001,13.466909,5007200
2006-02-15,23.834999,24.080000,23.805000,23.990000,13.560171,2773600
2006-02-16,24.000000,24.290001,23.905001,24.290001,13.729752,4076000
2006-02-17,24.320000,24.575001,24.160000,24.469999,13.831495,4157000
2006-02-21,24.495001,24.594999,24.375000,24.430000,13.808881,3318200
2006-02-22,24.500000,24.639999,24.344999,24.400000,13.791922,4603800
2006-02-23,24.450001,24.684999,24.379999,24.559999,13.882363,2995800
2006-02-24,24.565001,24.875000,24.514999,24.825001,14.032152,2291400
2006-02-27,24.730000,24.840000,24.559999,24.735001,13.981280,2982000
2006-02-28,24.625000,24.705000,24.555000,24.625000,13.919103,3107600
2006-03-01,24.600000,24.645000,24.469999,24.510000,13.854101,3702800
2006-03-02,24.500000,24.650000,24.424999,24.590000,13.899317,2381400
2006-03-03,24.500000,24.600000,24.389999,24.415001,13.800403,2077400
2006-03-06,24.325001,24.514999,24.299999,24.370001,13.774967,1970600
2006-03-07,24.325001,24.520000,24.295000,24.405001,13.794747,2834200
2006-03-08,24.365000,24.514999,24.299999,24.480000,13.837143,3081200
2006-03-09,24.424999,24.495001,24.340000,24.410000,13.797580,2930600
2006-03-10,24.385000,24.525000,24.355000,24.424999,13.806058,1908800
2006-03-13,24.450001,24.545000,24.365000,24.375000,13.777789,3203600
2006-03-14,24.334999,24.514999,24.254999,24.459999,13.825838,2637200
2006-03-15,24.434999,24.600000,24.424999,24.530001,13.865405,3103600
2006-03-16,24.600000,24.660000,24.434999,24.490000,13.842796,2631600
2006-03-17,24.590000,24.684999,24.500000,24.665001,13.941718,3272400
2006-03-20,24.700001,24.750000,24.504999,24.674999,13.947362,1862800
2006-03-21,24.549999,24.610001,24.299999,24.605000,13.907801,3555000
2006-03-22,24.575001,24.995001,24.525000,24.990000,14.125418,3693400
2006-03-23,25.000000,25.225000,24.889999,25.115000,14.196074,5214000
2006-03-24,25.115000,25.365000,25.065001,25.325001,14.314775,4437600
2006-03-27,25.250000,25.344999,24.955000,25.285000,14.292164,6249200
2006-03-28,25.330000,25.400000,25.240000,25.270000,14.283688,3477200
2006-03-29,25.270000,25.485001,25.270000,25.424999,14.371292,2999200
2006-03-30,25.365000,25.415001,25.230000,25.305000,14.303470,2809400
2006-03-31,25.299999,25.430000,25.205000,25.340000,14.323253,3268200
2006-04-03,25.379999,25.525000,25.355000,25.450001,14.385426,4249600
2006-04-04,25.400000,25.415001,25.205000,25.330000,14.317603,3458400
2006-04-05,25.330000,25.475000,25.299999,25.379999,14.345859,2392600
2006-04-06,25.205000,25.305000,25.065001,25.125000,14.394566,3036800
2006-04-07,25.049999,25.240000,24.934999,25.040001,14.345863,2064800
2006-04-10,25.040001,25.105000,24.905001,25.049999,14.351593,1524200
2006-04-11,25.020000,25.155001,24.580000,24.645000,14.119560,2728400
2006-04-12,24.705000,24.930000,24.665001,24.665001,14.131022,2181000
2006-04-13,24.600000,24.600000,24.320000,24.320000,13.933360,2486800
2006-04-17,24.350000,24.655001,24.299999,24.459999,14.013570,2118000
2006-04-18,24.549999,24.590000,24.410000,24.480000,14.025028,3581200
2006-04-19,24.500000,24.615000,24.480000,24.525000,14.050807,2769200
2006-04-20,24.594999,24.709999,24.510000,24.525000,14.050807,2832800
2006-04-21,24.530001,24.600000,24.400000,24.475000,14.022161,2591400
2006-04-24,24.434999,24.459999,24.280001,24.365000,13.959143,3714200
2006-04-25,24.395000,24.680000,24.299999,24.559999,14.070863,3275400
2006-04-26,24.650000,24.719999,24.395000,24.475000,14.022161,2940800
2006-04-27,24.400000,24.695000,24.365000,24.620001,14.105237,3238800
2006-04-28,24.674999,24.775000,24.540001,24.670000,14.133886,5726800
2006-05-01,24.650000,25.100000,24.645000,25.000000,14.322948,3708200
2006-05-02,25.075001,25.150000,24.840000,24.905001,14.268519,3264600
2006-05-03,24.860001,24.940001,24.764999,24.790001,14.202634,2750600
2006-05-04,24.780001,24.915001,24.750000,24.795000,14.205496,2640400
2006-05-05,24.865000,24.945000,24.760000,24.844999,14.234145,3335200
2006-05-08,24.844999,25.115000,24.805000,25.000000,14.322948,2966400
2006-05-09,24.980000,25.100000,24.860001,24.955000,14.297173,1785200
2006-05-10,24.924999,25.000000,24.799999,24.900000,14.265655,2181800
2006-05-11,24.875000,24.900000,24.480000,24.500000,14.036484,3384200
2006-05-12,24.530001,24.695000,24.430000,24.485001,14.027894,3314000
2006-05-15,24.500000,24.900000,24.410000,24.895000,14.262795,2625000
2006-05-16,24.900000,24.955000,24.730000,24.844999,14.234145,2831600
2006-05-17,24.750000,25.020000,24.684999,24.825001,14.222685,3299800
2006-05-18,24.795000,25.000000,24.660000,24.809999,14.214092,2869600
2006-05-19,24.885000,24.969999,24.680000,24.775000,14.194038,2846600
2006-05-22,24.700001,25.049999,24.600000,24.879999,14.254191,2702600
2006-05-23,24.879999,25.160000,24.875000,25.115000,14.388831,8011600
2006-05-24,25.115000,25.375000,25.049999,25.305000,14.497686,7938800
2006-05-25,25.385000,26.059999,25.315001,26.045000,14.921643,8532800
2006-05-26,25.950001,26.080000,25.775000,25.895000,14.835704,3826000
2006-05-30,25.790001,26.004999,25.754999,25.855000,14.812788,3237800
2006-05-31,25.815001,25.975000,25.770000,25.945000,14.864347,3005400
2006-06-01,25.885000,26.004999,25.760000,25.905001,14.841437,2585600
2006-06-02,25.870001,26.145000,25.799999,25.950001,14.867218,3520400
2006-06-05,25.600000,25.950001,25.480000,25.635000,14.686745,3009800
2006-06-06,25.719999,25.924999,25.570000,25.844999,14.807057,2391400
2006-06-07,25.834999,25.905001,25.695000,25.770000,14.764093,2445200
2006-06-08,25.770000,25.815001,25.334999,25.770000,14.764093,3738000
2006-06-09,25.719999,25.754999,25.495001,25.600000,14.666697,2452800
2006-06-12,25.670000,25.780001,25.535000,25.535000,14.629453,2322000
2006-06-13,25.570000,25.670000,25.270000,25.389999,14.546380,4379800
2006-06-14,25.424999,25.840000,25.415001,25.730000,14.741173,4568000
2006-06-15,25.495001,25.500000,24.910000,25.415001,14.560709,7565600
2006-06-16,25.469999,25.650000,25.155001,25.219999,14.448990,5462600
2006-06-19,25.299999,25.480000,24.635000,24.725000,14.165396,7574600
2006-06-20,24.799999,25.014999,24.655001,24.975000,14.308630,5912400
2006-06-21,24.975000,25.309999,24.950001,25.205000,14.440397,3146000
2006-06-22,25.549999,25.770000,25.450001,25.655001,14.698204,5327000
2006-06-23,25.559999,25.750000,25.395000,25.555000,14.640918,2961800
2006-06-26,25.555000,25.750000,25.510000,25.750000,14.752633,1990600
2006-06-27,25.700001,25.790001,25.475000,25.495001,14.606544,4043200
2006-06-28,25.500000,25.745001,25.455000,25.730000,14.741173,5603000
2006-06-29,25.650000,25.895000,25.334999,25.875000,14.824249,7751200
2006-06-30,25.945000,26.575001,25.830000,25.830000,14.798473,8880000
2006-07-03,25.875000,26.075001,25.834999,25.934999,14.858622,2044000
2006-07-05,25.940001,26.020000,25.764999,25.975000,14.881540,5610800
2006-07-06,25.820000,26.010000,25.490000,25.510000,14.814750,6344000
2006-07-07,25.600000,26.070000,25.385000,25.985001,15.090605,6006200
2006-07-10,25.969999,26.424999,25.879999,26.309999,15.279350,4981400
2006-07-11,26.275000,26.420000,26.045000,26.395000,15.328708,4225400
2006-07-12,26.375000,26.504999,26.125000,26.180000,15.203853,4893600
2006-07-13,25.995001,26.254999,25.995001,26.115000,15.166103,5466400
2006-07-14,26.075001,26.180000,25.924999,25.955000,15.073185,3028200
2006-07-17,25.969999,26.235001,25.959999,26.065001,15.137064,2404600
2006-07-18,26.065001,26.254999,25.955000,26.200001,15.215465,3916200
2006-07-19,26.309999,26.480000,26.100000,26.330000,15.290967,4120800
2006-07-20,26.275000,26.415001,26.145000,26.200001,15.215465,3377000
2006-07-21,26.309999,26.309999,25.805000,25.834999,15.003497,4663600
2006-07-24,25.875000,25.934999,25.680000,25.825001,14.997690,4552000
2006-07-25,25.775000,26.165001,25.670000,26.094999,15.154488,6603200
2006-07-26,26.110001,26.290001,26.010000,26.155001,15.189329,2989000
2006-07-27,26.160000,26.315001,25.969999,26.004999,15.102221,6760400
2006-07-28,26.100000,26.225000,25.995001,26.165001,15.195144,2536000
2006-07-31,26.125000,26.230000,25.900000,25.950001,15.070281,2135800
2006-08-01,25.924999,26.070000,25.799999,26.000000,15.099318,3163800
2006-08-02,26.000000,26.174999,25.924999,25.975000,15.084801,3321400
2006-08-03,25.975000,26.070000,25.889999,26.000000,15.099318,1613600
2006-08-04,26.040001,26.209999,25.995001,26.184999,15.206760,2782400
2006-08-07,26.235001,26.250000,25.915001,25.959999,15.076084,2432000
2006-08-08,26.055000,26.600000,26.020000,26.575001,15.433249,4074400
2006-08-09,26.575001,26.790001,26.500000,26.530001,15.407114,3983800
2006-08-10,26.459999,26.825001,26.440001,26.584999,15.439055,3540600
2006-08-11,26.510000,26.730000,26.475000,26.600000,15.447762,2098200
2006-08-14,26.549999,26.840000,26.549999,26.674999,15.491325,2871000
2006-08-15,26.795000,26.860001,26.575001,26.770000,15.546499,2749200
2006-08-16,26.785000,26.950001,26.620001,26.900000,15.621984,2311400
2006-08-17,26.850000,26.875000,26.485001,26.520000,15.401300,3500400
2006-08-18,26.555000,26.700001,26.365000,26.665001,15.485517,2970400
2006-08-21,26.600000,26.700001,26.485001,26.615000,15.456471,2616200
2006-08-22,26.504999,26.680000,26.430000,26.575001,15.433249,3138000
2006-08-23,26.629999,26.770000,26.555000,26.635000,15.468091,1908200
2006-08-24,26.674999,26.860001,26.530001,26.770000,15.546499,3162200
2006-08-25,26.754999,27.105000,26.745001,27.055000,15.711999,2538000
2006-08-28,27.014999,27.120001,26.920000,27.059999,15.714910,2270400
2006-08-29,26.990000,27.215000,26.905001,26.940001,15.645217,3865000
2006-08-30,27.100000,27.235001,27.025000,27.139999,15.761363,2259400
2006-08-31,27.125000,27.200001,27.020000,27.115000,15.746846,2041200
2006-09-01,27.125000,27.250000,27.125000,27.180000,15.784595,1090200
2006-09-05,27.180000,27.264999,27.100000,27.160000,15.772976,1512000
2006-09-06,27.070000,27.275000,26.995001,27.225000,15.810726,2262200
2006-09-07,27.165001,27.165001,26.879999,26.879999,15.610368,3197400
2006-09-08,26.635000,26.799999,26.475000,26.590000,15.441957,5310600
2006-09-11,26.424999,26.510000,26.280001,26.485001,15.380978,4620200
2006-09-12,26.334999,26.520000,26.080000,26.405001,15.334518,3866600
2006-09-13,26.365000,26.465000,26.225000,26.254999,15.247409,4525800
2006-09-14,26.200001,26.275000,26.065001,26.080000,15.145777,4154000
2006-09-15,26.040001,26.504999,25.750000,26.480000,15.378079,5656600
2006-09-18,26.309999,26.545000,26.299999,26.350000,15.302580,3473600
2006-09-19,26.450001,26.450001,26.200001,26.344999,15.299681,3806400
2006-09-20,26.344999,26.594999,26.320000,26.510000,15.395494,2437000
2006-09-21,27.395000,27.790001,26.940001,27.375000,15.897839,8600800
2006-09-22,27.275000,27.639999,27.245001,27.620001,16.040131,3735600
2006-09-25,27.620001,27.695000,27.415001,27.540001,15.993665,4869200
2006-09-26,27.540001,27.834999,27.440001,27.815001,16.153366,4049000
2006-09-27,27.750000,28.139999,27.700001,28.139999,16.342110,5097400
2006-09-28,28.125000,28.500000,28.010000,28.389999,16.487295,6182800
2006-09-29,28.475000,28.495001,28.290001,28.299999,16.435026,4249800
2006-10-02,28.365000,28.365000,28.090000,28.209999,16.382765,3891800
2006-10-03,28.260000,28.299999,27.870001,27.870001,16.185308,4364000
2006-10-04,28.075001,28.190001,28.010000,28.045000,16.286940,3877200
2006-10-05,27.965000,28.084999,27.920000,28.014999,16.475122,2445800
2006-10-06,27.995001,28.110001,27.740000,27.775000,16.333984,3368000
2006-10-09,27.750000,28.025000,27.750000,27.865000,16.386915,2909400
2006-10-10,27.870001,27.995001,27.674999,27.879999,16.395733,3580400
2006-10-11,27.775000,27.905001,27.540001,27.705000,16.292822,3433200
2006-10-12,27.705000,27.719999,27.555000,27.629999,16.248716,3851800
2006-10-13,27.635000,27.650000,27.350000,27.525000,16.186964,3732600
2006-10-16,27.475000,27.670000,27.389999,27.660000,16.266359,2270400
2006-10-17,27.575001,27.910000,27.565001,27.910000,16.413378,3583600
2006-10-18,27.950001,28.285000,27.895000,28.004999,16.469248,3455400
2006-10-19,27.850000,28.000000,27.799999,27.945000,16.433958,2353600
2006-10-20,28.110001,28.170000,27.825001,27.895000,16.404556,3004600
2006-10-23,27.895000,28.225000,27.865000,28.215000,16.592747,2458200
2006-10-24,28.215000,28.215000,27.934999,28.125000,16.539814,2818000
2006-10-25,28.174999,28.260000,28.059999,28.230000,16.601563,2845000
2006-10-26,28.174999,28.235001,28.004999,28.209999,16.589804,3045400
2006-10-27,28.150000,28.415001,28.150000,28.325001,16.657433,2832600
2006-10-30,28.330000,28.415001,28.184999,28.200001,16.583920,1846200
2006-10-31,28.290001,28.455000,28.190001,28.410000,16.707417,3463600
2006-11-01,28.475000,28.475000,28.084999,28.325001,16.657433,2716000
2006-11-02,28.330000,28.375000,27.895000,27.990000,16.460421,3208000
2006-11-03,28.040001,28.055000,27.879999,27.950001,16.436899,3994000
2006-11-06,28.000000,28.059999,27.934999,28.049999,16.495708,4253600
2006-11-07,28.139999,28.170000,27.985001,28.014999,16.475122,2620400
2006-11-08,28.014999,28.135000,27.955000,28.110001,16.530993,2934200
2006-11-09,28.180000,28.325001,28.065001,28.129999,16.542755,2654800
2006-11-10,28.230000,28.230000,27.674999,27.680000,16.278116,3039800
2006-11-13,27.665001,27.905001,27.665001,27.790001,16.342806,3302800
2006-11-14,27.795000,28.094999,27.770000,28.035000,16.486887,4425000
2006-11-15,28.129999,28.325001,27.940001,27.955000,16.439835,3769000
2006-11-16,28.075001,28.105000,27.799999,27.885000,16.398672,3754200
2006-11-17,27.870001,28.254999,27.799999,28.254999,16.616259,5003600
2006-11-20,28.190001,28.510000,28.160000,28.434999,16.722116,3982000
2006-11-21,28.559999,28.625000,28.410000,28.490000,16.754465,2037800
2006-11-22,28.440001,28.500000,28.315001,28.389999,16.695656,1415000
2006-11-24,28.395000,28.445000,28.285000,28.325001,16.657433,703800
2006-11-27,28.275000,28.299999,27.850000,27.980000,16.454542,2966400
2006-11-28,27.980000,28.070000,27.834999,28.040001,16.489828,2327200
2006-11-29,28.000000,28.139999,27.834999,28.000000,16.466307,2367400
2006-11-30,27.985001,28.049999,27.754999,27.975000,16.451605,3308400
2006-12-01,28.100000,28.174999,27.895000,28.000000,16.466307,2772600
2006-12-04,28.070000,28.305000,27.985001,28.250000,16.613329,2079800
2006-12-05,28.375000,28.655001,28.299999,28.610001,16.825035,2934800
2006-12-06,28.655001,28.725000,28.510000,28.580000,16.807383,2544400
2006-12-07,28.580000,28.750000,28.424999,28.430000,16.719175,2216800
2006-12-08,28.495001,28.745001,28.485001,28.660000,16.854439,2326400
2006-12-11,28.650000,28.770000,28.520000,28.580000,16.807383,2690400
2006-12-12,28.580000,28.745001,28.500000,28.684999,16.869133,2968200
2006-12-13,28.785000,28.889999,28.735001,28.840000,16.960295,2365600
2006-12-14,28.875000,28.980000,28.725000,28.764999,16.916180,1441400
2006-12-15,28.750000,28.825001,28.500000,28.825001,16.951466,5014000
2006-12-18,28.915001,29.025000,28.805000,29.025000,17.069088,3648000
2006-12-19,28.850000,29.145000,28.764999,29.139999,17.136721,2711800
2006-12-20,29.075001,29.195000,28.945000,28.995001,17.051443,3624800
2006-12-21,29.350000,29.615000,29.195000,29.475000,17.333721,4188000
2006-12-22,29.230000,29.410000,29.100000,29.270000,17.213163,2767800
2006-12-26,29.270000,29.379999,29.200001,29.285000,17.221994,1852400
2006-12-27,29.290001,29.389999,28.965000,29.045000,17.080853,2294200
2006-12-28,29.045000,29.150000,28.905001,28.975000,17.039680,1927200
2006-12-29,29.025000,29.055000,28.764999,28.799999,16.936768,1849600
2007-01-03,28.695000,28.990000,28.565001,28.715000,16.886782,3416000
2007-01-04,28.715000,28.790001,28.520000,28.695000,16.875025,2771800
2007-01-05,28.650000,28.680000,28.455000,28.485001,16.751518,2819200
2007-01-08,28.450001,28.639999,28.330000,28.615000,17.049433,2969600
2007-01-09,28.620001,28.709999,28.275000,28.280001,16.849838,4600600
2007-01-10,28.230000,28.450001,28.105000,28.379999,16.909414,3635400
2007-01-11,28.360001,28.764999,28.315001,28.655001,17.073265,3666400
2007-01-12,28.680000,28.725000,28.415001,28.450001,16.951130,3151200
2007-01-16,28.400000,28.440001,28.055000,28.290001,16.855797,3213600
2007-01-17,28.440001,28.440001,28.200001,28.299999,16.861750,2459800
2007-01-18,28.695000,28.695000,28.040001,28.254999,16.834932,3502000
2007-01-19,28.250000,28.365000,28.160000,28.325001,16.876646,2502800
2007-01-22,28.254999,28.555000,28.200001,28.395000,16.918356,3239800
2007-01-23,28.315001,28.395000,28.135000,28.305000,16.864731,3750400
2007-01-24,28.305000,28.405001,28.145000,28.264999,16.840899,3347800
2007-01-25,28.475000,28.514999,28.350000,28.389999,16.915373,3067200
2007-01-26,28.379999,28.485001,28.184999,28.275000,16.846855,1770200
2007-01-29,28.325001,28.584999,28.155001,28.385000,16.912397,3001400
2007-01-30,28.645000,28.760000,28.405001,28.635000,17.061352,3215400
2007-01-31,28.545000,28.690001,28.450001,28.620001,17.052410,2387800
2007-02-01,28.610001,28.725000,28.450001,28.725000,17.114979,3062400
2007-02-02,28.740000,28.764999,28.535000,28.655001,17.073265,1766200
2007-02-05,28.580000,28.655001,28.434999,28.580000,17.028570,2135400
2007-02-06,28.570000,28.660000,28.485001,28.600000,17.040493,2447800
2007-02-07,28.535000,28.650000,28.320000,28.370001,16.903456,3610800
2007-02-08,28.370001,28.434999,28.139999,28.389999,16.915373,3712600
2007-02-09,28.395000,28.525000,28.315001,28.514999,16.989851,2219200
2007-02-12,28.520000,28.735001,28.405001,28.465000,16.960060,1813000
2007-02-13,28.440001,28.785000,28.440001,28.620001,17.052410,1990800
2007-02-14,28.670000,28.754999,28.590000,28.660000,17.076244,2713000
2007-02-15,28.600000,28.799999,28.525000,28.754999,17.132845,2070200
2007-02-16,28.754999,29.049999,28.715000,29.045000,17.305641,3303000
2007-02-20,28.965000,29.125000,28.750000,28.959999,17.254995,3055400
2007-02-21,28.895000,29.020000,28.725000,28.750000,17.129869,2713400
2007-02-22,28.690001,28.900000,28.665001,28.865000,17.198387,3845200
2007-02-23,28.809999,28.865000,28.424999,28.590000,17.034536,3349600
2007-02-26,28.665001,28.934999,28.629999,28.900000,17.219242,2210600
2007-02-27,28.905001,29.165001,27.285000,28.315001,16.870689,5669600
2007-02-28,28.325001,28.600000,28.090000,28.160000,16.778337,5487400
2007-03-01,28.100000,28.215000,27.860001,28.059999,16.718750,4067400
2007-03-02,27.955000,28.165001,27.750000,27.750000,16.534052,2125000
2007-03-05,27.680000,28.100000,27.575001,27.920000,16.635338,3390000
2007-03-06,28.020000,28.045000,27.844999,27.965000,16.662149,3217000
2007-03-07,27.865000,27.930000,27.445000,27.450001,16.355307,5047200
2007-03-08,27.645000,27.775000,27.540001,27.580000,16.432762,3425400
2007-03-09,27.594999,27.735001,27.530001,27.600000,16.444677,3091400
2007-03-12,27.600000,28.115000,27.600000,28.055000,16.715776,4908400
2007-03-13,27.940001,28.000000,27.510000,27.520000,16.397011,3008400
2007-03-14,27.520000,27.740000,27.355000,27.660000,16.480427,3589800
2007-03-15,27.690001,28.120001,27.674999,28.094999,16.739609,5088400
2007-03-16,28.094999,28.165001,27.985001,28.040001,16.706835,4575000
2007-03-19,28.170000,28.245001,28.049999,28.235001,16.823030,2130600
2007-03-20,28.184999,28.695000,28.170000,28.684999,17.091131,3981000
2007-03-21,28.820000,28.959999,28.575001,28.940001,17.243074,3349400
2007-03-22,29.174999,29.445000,29.000000,29.160000,17.374153,5721000
2007-03-23,29.250000,29.360001,28.975000,29.094999,17.335426,3651000
2007-03-26,29.035000,29.059999,28.730000,28.930000,17.237114,3253200
2007-03-27,28.805000,28.850000,28.580000,28.680000,17.088158,3185000
2007-03-28,28.705000,28.879999,28.610001,28.809999,17.165621,3454800
2007-03-29,28.934999,29.000000,28.740000,28.959999,17.254995,3675200
2007-03-30,29.049999,29.245001,28.645000,29.110001,17.344364,4057600
2007-04-02,29.000000,29.170000,28.754999,28.975000,17.263924,5201000
2007-04-03,29.055000,29.250000,28.980000,29.215000,17.406921,3773400
2007-04-04,29.250000,29.520000,29.160000,29.485001,17.567799,5267200
2007-04-05,29.285000,29.420000,29.190001,29.375000,17.724684,3202400
2007-04-09,29.375000,29.424999,29.200001,29.275000,17.664339,1769800
2007-04-10,29.209999,29.475000,29.170000,29.430000,17.757864,3909600
2007-04-11,29.430000,29.495001,29.295000,29.344999,17.706585,4839000
2007-04-12,29.275000,29.299999,29.115000,29.250000,17.649254,4206000
2007-04-13,29.200001,29.315001,29.155001,29.240000,17.643227,3334600
2007-04-16,29.285000,29.375000,29.250000,29.299999,17.679428,3450400
2007-04-17,29.299999,29.655001,29.245001,29.594999,17.857430,6314000
2007-04-18,29.514999,29.620001,29.434999,29.450001,17.769934,4576800
2007-04-19,29.805000,29.805000,29.355000,29.485001,17.791058,5188800
2007-04-20,29.700001,29.700001,29.500000,29.559999,17.836311,5434200
2007-04-23,29.525000,29.895000,29.525000,29.780001,17.969057,5617800
2007-04-24,29.370001,29.920000,29.370001,29.754999,17.953970,4578000
2007-04-25,29.885000,30.000000,29.809999,29.950001,18.071634,6656800
2007-04-26,29.855000,30.040001,29.820000,30.004999,18.104820,6597600
2007-04-27,29.645000,30.115000,29.645000,30.040001,18.125938,5243000
2007-04-30,30.129999,30.240000,29.910000,29.950001,18.071634,6295400
2007-05-01,30.025000,30.059999,29.834999,30.049999,18.131969,4813000
2007-05-02,30.100000,30.160000,29.920000,29.934999,18.062578,5126200
2007-05-03,29.940001,30.014999,29.684999,29.709999,17.926817,4161600
2007-05-04,29.840000,29.875000,29.610001,29.730000,17.938885,3345000
2007-05-07,29.855000,29.924999,29.790001,29.860001,18.017330,3033800
2007-05-08,29.674999,29.945000,29.639999,29.865000,18.020344,2911400
2007-05-09,29.750000,30.000000,29.705000,29.910000,18.047495,2464600
2007-05-10,29.850000,29.920000,29.705000,29.860001,18.017330,3414600
2007-05-11,29.770000,29.915001,29.750000,29.830000,17.999229,4027800
2007-05-14,29.790001,30.190001,29.754999,29.975000,18.086714,3356000
2007-05-15,30.000000,30.295000,29.945000,30.174999,18.207396,3417000
2007-05-16,30.344999,30.370001,30.129999,30.370001,18.325064,3025800
2007-05-17,30.250000,30.315001,30.139999,30.150000,18.192310,3495800
2007-05-18,30.250000,30.500000,30.225000,30.485001,18.394442,2836200
2007-05-21,30.389999,30.485001,30.299999,30.424999,18.358244,2303600
2007-05-22,30.469999,30.500000,30.325001,30.450001,18.373335,2328000
2007-05-23,30.350000,30.555000,29.995001,30.080000,18.150072,4149400
2007-05-24,30.129999,30.305000,30.040001,30.084999,18.153095,4530200
2007-05-25,30.084999,30.200001,30.004999,30.075001,18.147058,3279400
2007-05-29,30.065001,30.280001,30.045000,30.260000,18.258682,3297400
2007-05-30,30.120001,30.264999,30.100000,30.180000,18.210415,3592400
2007-05-31,30.235001,30.655001,30.209999,30.620001,18.475908,4784800
2007-06-01,30.549999,30.680000,30.500000,30.670000,18.506071,3146000
2007-06-04,30.600000,30.760000,30.504999,30.735001,18.545301,2346200
2007-06-05,30.174999,30.219999,29.555000,29.700001,17.920788,7182600
2007-06-06,29.600000,29.809999,29.549999,29.725000,17.935871,7503400
2007-06-07,29.600000,29.770000,29.365000,29.395000,17.736746,5778200
2007-06-08,29.305000,29.615000,29.230000,29.600000,17.860441,3936600
2007-06-11,29.645000,29.809999,29.455000,29.764999,17.960003,2630400
2007-06-12,29.650000,29.745001,29.405001,29.570000,17.842340,3710600
2007-06-13,29.610001,29.770000,29.465000,29.770000,17.963026,4239400
2007-06-14,29.745001,29.764999,29.605000,29.674999,17.905701,3449000
2007-06-15,29.875000,30.049999,29.760000,29.799999,17.981127,4822000
2007-06-18,29.799999,30.090000,29.799999,29.959999,18.077669,3740200
2007-06-19,29.860001,29.969999,29.799999,29.924999,18.056545,3065800
2007-06-20,29.924999,29.975000,29.530001,29.530001,17.818207,2618800
2007-06-21,29.530001,29.695000,29.500000,29.549999,17.830271,3514000
2007-06-22,29.450001,29.639999,29.190001,29.230000,17.637190,5553800
2007-06-25,29.325001,29.555000,29.290001,29.395000,17.736746,4213200
2007-06-26,29.469999,29.740000,29.370001,29.645000,17.887596,4303000
2007-06-27,29.500000,29.740000,29.440001,29.725000,17.935871,3240200
2007-06-28,29.434999,29.645000,29.105000,29.135000,17.579870,5792800
2007-06-29,29.389999,29.465000,29.020000,29.209999,17.625126,4093800
2007-07-02,29.299999,29.525000,29.250000,29.450001,17.769934,4707200
2007-07-03,29.450001,29.485001,29.230000,29.430000,17.757864,2503200
2007-07-05,29.360001,29.575001,29.285000,29.309999,17.685455,3529600
2007-07-06,29.145000,29.145000,28.889999,28.985001,17.725210,5548800
2007-07-09,29.090000,29.230000,28.975000,29.145000,17.823051,4244600
2007-07-10,29.000000,29.195000,28.940001,28.959999,17.709923,4812200
2007-07-11,28.955000,29.165001,28.825001,28.975000,17.719095,5428200
2007-07-12,29.000000,29.555000,28.905001,29.525000,18.055435,4843000
2007-07-13,29.440001,29.725000,29.285000,29.594999,18.098246,4394800
2007-07-16,29.500000,29.510000,29.245001,29.340000,17.942301,5667600
2007-07-17,29.415001,29.430000,29.165001,29.170000,17.838335,5980800
2007-07-18,29.145000,29.424999,28.980000,29.355000,17.951477,6649800
2007-07-19,29.350000,29.540001,29.200001,29.420000,17.991224,5616800
2007-07-20,29.450001,29.485001,29.174999,29.235001,17.878099,6168400
2007-07-23,29.330000,29.365000,29.094999,29.129999,17.813877,5069600
2007-07-24,28.950001,29.000000,28.500000,28.575001,17.474483,9693800
2007-07-25,28.760000,28.764999,28.129999,28.420000,17.379692,10474200
2007-07-26,28.250000,28.260000,27.674999,27.805000,17.003605,11203600
2007-07-27,27.684999,28.184999,27.580000,27.790001,16.994431,8970000
2007-07-30,27.825001,28.180000,27.750000,28.120001,17.196238,7156000
2007-07-31,28.070000,28.275000,27.809999,27.809999,17.006660,5356800
2007-08-01,27.660000,28.184999,27.530001,28.049999,17.153427,6220000
2007-08-02,28.129999,28.190001,27.920000,28.045000,17.150372,3002800
2007-08-03,27.665001,28.219999,27.660000,27.785000,16.991375,5819800
2007-08-06,27.905001,28.735001,27.844999,28.719999,17.563156,5772000
2007-08-07,28.580000,28.980000,28.375000,28.695000,17.547869,5197400
2007-08-08,28.584999,28.834999,28.254999,28.459999,17.404156,7674400
2007-08-09,28.200001,28.615000,27.389999,27.420000,16.768164,8076000
2007-08-10,27.235001,27.844999,27.084999,27.670000,16.921047,12666800
2007-08-13,27.850000,28.065001,27.674999,27.709999,16.945503,7689600
2007-08-14,27.870001,28.290001,27.799999,28.000000,17.122850,7202200
2007-08-15,28.014999,28.245001,27.655001,27.740000,16.963856,4135000
2007-08-16,27.840000,27.959999,27.275000,27.764999,16.979145,6112200
2007-08-17,28.400000,28.500000,27.635000,27.895000,17.058641,5533800
2007-08-20,27.959999,28.120001,27.735001,27.760000,16.976084,3151400
2007-08-21,27.590000,28.094999,27.590000,27.889999,17.055584,3606000
2007-08-22,28.045000,28.445000,27.990000,28.370001,17.349119,4760400
2007-08-23,28.620001,28.639999,28.270000,28.400000,17.367460,2909200
2007-08-24,28.290001,28.875000,28.230000,28.655001,17.523403,3333400
2007-08-27,28.910000,28.969999,28.575001,28.670000,17.532576,3113000
2007-08-28,28.610001,28.674999,28.065001,28.080000,17.171774,3198200
2007-08-29,28.200001,28.270000,27.865000,28.270000,17.287968,3111000
2007-08-30,28.059999,28.230000,27.885000,27.950001,17.092276,3159800
2007-08-31,28.070000,28.165001,27.889999,27.940001,17.086155,3735800
2007-09-04,28.020000,28.475000,27.965000,28.355000,17.339947,4081200
2007-09-05,28.174999,28.350000,28.075001,28.125000,17.199295,4053400
2007-09-06,28.700001,29.000000,28.469999,28.840000,17.636536,5460800
2007-09-07,28.549999,29.160000,28.525000,28.995001,17.731323,5664000
2007-09-10,29.115000,29.205000,28.865000,28.975000,17.719095,3422400
2007-09-11,28.995001,29.075001,28.605000,28.740000,17.575386,4192000
2007-09-12,28.719999,29.575001,28.670000,29.545000,18.067665,7608000
2007-09-13,29.600000,29.605000,29.070000,29.135000,17.816942,3929600
2007-09-14,29.014999,29.290001,28.799999,28.834999,17.633476,2419400
2007-09-17,28.559999,29.025000,28.559999,28.900000,17.673229,3065800
2007-09-18,28.975000,29.400000,28.875000,29.334999,17.939243,4322800
2007-09-19,29.650000,29.780001,29.004999,29.424999,17.994282,6225200
2007-09-20,29.680000,29.834999,29.455000,29.475000,18.024860,3958000
2007-09-21,29.680000,29.680000,29.045000,29.245001,17.884207,7739600
2007-09-24,29.254999,29.254999,28.930000,28.940001,17.697687,4640400
2007-09-25,28.844999,29.049999,28.735001,28.850000,17.642658,3576200
2007-09-26,28.990000,29.290001,28.920000,29.200001,17.856691,3591400
2007-09-27,29.120001,29.219999,28.980000,29.135000,17.816942,3218400
2007-09-28,29.000000,29.135000,28.875000,29.004999,17.737444,4457000
2007-10-01,29.070000,29.330000,29.004999,29.115000,17.804703,3499000
2007-10-02,29.184999,29.245001,28.945000,29.030001,17.752726,5428400
2007-10-03,29.000000,29.084999,28.780001,28.900000,17.673229,3740000
2007-10-04,28.995001,29.010000,28.639999,28.750000,17.581499,4862400
2007-10-05,28.709999,28.850000,28.549999,28.760000,17.829475,3027200
2007-10-08,28.670000,28.805000,28.610001,28.680000,17.779881,1934400
2007-10-09,28.780001,29.205000,28.705000,29.180000,18.089849,4254800
2007-10-10,29.065001,29.250000,29.035000,29.170000,18.083645,3607200
2007-10-11,29.285000,29.290001,28.875000,28.940001,17.941063,6574000
2007-10-12,28.815001,29.254999,28.780001,29.235001,18.123955,3287600
2007-10-15,29.235001,29.400000,29.120001,29.235001,18.123955,3982200
2007-10-16,29.150000,29.309999,29.020000,29.145000,18.068150,4151000
2007-10-17,29.254999,29.254999,28.760000,28.889999,17.910061,5690800
2007-10-18,28.815001,28.945000,28.565001,28.870001,17.897673,4073400
2007-10-19,28.815001,28.910000,28.350000,28.375000,17.590797,4040800
2007-10-22,28.195000,28.420000,27.955000,28.150000,17.451311,4500000
2007-10-23,28.299999,28.389999,27.995001,28.065001,17.398617,4026800
2007-10-24,28.055000,28.165001,27.760000,28.035000,17.380018,3839600
2007-10-25,28.100000,28.575001,28.030001,28.485001,17.658993,4768400
2007-10-26,28.775000,28.920000,28.639999,28.860001,17.891464,5731200
2007-10-29,28.844999,28.844999,28.540001,28.610001,17.736483,3414000
2007-10-30,28.605000,28.745001,28.405001,28.565001,17.708588,2673600
2007-10-31,28.620001,28.950001,28.565001,28.865000,17.894567,4153400
2007-11-01,28.764999,28.920000,28.230000,28.290001,17.538105,5279200
2007-11-02,28.379999,28.575001,28.120001,28.455000,17.640394,10404200
2007-11-05,28.485001,28.790001,28.420000,28.625000,17.745783,4853000
2007-11-06,28.600000,28.695000,28.455000,28.680000,17.779881,4427200
2007-11-07,28.459999,28.764999,28.375000,28.440001,17.631100,4420800
2007-11-08,28.465000,28.940001,28.205000,28.834999,17.875969,5809400
2007-11-09,28.504999,28.775000,28.459999,28.480000,17.655891,5238000
2007-11-12,28.375000,28.665001,28.299999,28.299999,17.544298,5765400
2007-11-13,28.480000,28.825001,28.389999,28.805000,17.857376,5167600
2007-11-14,28.920000,29.225000,28.695000,29.010000,17.984455,4854800
2007-11-15,28.875000,29.014999,28.305000,28.490000,17.662094,8066400
2007-11-16,28.625000,28.719999,28.155001,28.715000,17.801579,6810600
2007-11-19,28.514999,28.625000,27.969999,27.975000,17.342825,6605600
2007-11-20,27.975000,28.355000,27.780001,28.200001,17.482309,8572400
2007-11-21,28.025000,28.340000,27.965000,28.165001,17.460613,6694800
2007-11-23,28.295000,28.549999,28.235001,28.549999,17.699291,1641200
2007-11-26,28.610001,28.889999,28.500000,28.665001,17.770586,5247200
2007-11-27,28.754999,29.250000,28.695000,29.020000,17.990664,6442000
2007-11-28,29.180000,29.900000,29.014999,29.840000,18.499008,7300600
2007-11-29,29.684999,30.094999,29.684999,29.975000,18.582701,6555800
2007-11-30,30.254999,30.254999,29.834999,30.075001,18.644701,6261800
2007-12-03,29.855000,30.235001,29.855000,29.985001,18.588903,4256000
2007-12-04,29.745001,30.150000,29.745001,29.950001,18.567207,4290400
2007-12-05,30.165001,30.245001,29.969999,30.209999,18.728386,3888400
2007-12-06,30.200001,30.594999,30.094999,30.549999,18.939171,3247200
2007-12-07,30.555000,30.700001,30.235001,30.260000,18.759384,2872600
2007-12-10,30.285000,30.495001,30.225000,30.450001,18.877180,2625200
2007-12-11,30.334999,30.440001,29.705000,29.740000,18.437017,4247000
2007-12-12,30.125000,30.125000,29.379999,29.625000,18.365725,6868200
2007-12-13,29.420000,29.969999,29.420000,29.969999,18.579599,3929000
2007-12-14,29.684999,29.799999,29.400000,29.500000,18.288237,4061600
2007-12-17,29.490000,29.520000,29.125000,29.334999,18.185940,4003600
2007-12-18,29.674999,29.674999,29.219999,29.535000,18.309933,4308800
2007-12-19,29.745001,29.750000,28.700001,28.995001,17.975161,5813400
2007-12-20,29.150000,29.260000,28.805000,28.840000,17.879070,4470000
2007-12-21,29.115000,29.330000,28.975000,29.030001,17.996857,5366800
2007-12-24,28.959999,29.110001,28.905001,28.980000,17.965862,1063800
2007-12-26,28.990000,29.195000,28.945000,29.049999,18.009262,2370400
2007-12-27,28.959999,28.959999,28.570000,28.594999,17.727192,3003800
2007-12-28,28.855000,28.855000,28.615000,28.754999,17.826378,1799600
2007-12-31,28.605000,28.855000,28.424999,28.500000,17.668293,3187800
2008-01-02,28.430000,28.545000,28.125000,28.270000,17.525707,5456000
2008-01-03,28.235001,28.450001,27.915001,28.145000,17.448217,5890800
2008-01-04,27.965000,28.200001,27.805000,27.850000,17.265329,6243000
2008-01-07,27.975000,28.485001,27.934999,28.415001,17.615597,5899600
2008-01-08,28.415001,28.865000,28.355000,28.510000,17.920448,6072000
2008-01-09,28.575001,28.690001,28.280001,28.559999,17.951881,7896800
2008-01-10,28.379999,28.830000,28.360001,28.670000,18.021023,5074800
2008-01-11,28.600000,28.600000,27.924999,28.075001,17.647032,6503000
2008-01-14,28.355000,28.504999,28.135000,28.270000,17.769598,7347200
2008-01-15,27.975000,28.270000,27.545000,27.575001,17.332747,6110800
2008-01-16,27.485001,27.709999,27.270000,27.290001,17.153603,6693800
2008-01-17,27.375000,27.514999,27.135000,27.184999,17.087603,5452800
2008-01-18,27.375000,27.500000,26.815001,27.045000,16.999599,5884000
2008-01-22,25.790001,27.105000,25.500000,26.430000,16.613031,8351800
2008-01-23,26.070000,26.680000,25.780001,26.555000,16.691610,8846800
2008-01-24,26.625000,26.795000,26.430000,26.650000,16.751312,5803600
2008-01-25,26.844999,26.844999,26.455000,26.469999,16.638176,5088400
2008-01-28,26.559999,27.100000,26.559999,27.094999,17.031034,5098600
2008-01-29,27.315001,27.500000,26.885000,27.350000,17.191317,5643600
2008-01-30,27.434999,27.465000,26.875000,26.955000,16.943027,5330000
2008-01-31,26.610001,27.440001,26.605000,27.260000,17.134745,6604400
2008-02-01,27.260000,27.985001,27.260000,27.895000,17.533884,6546600
2008-02-04,27.900000,27.969999,27.700001,27.780001,17.461597,4710600
2008-02-05,27.350000,27.514999,27.230000,27.230000,17.115887,5411400
2008-02-06,27.415001,27.580000,27.115000,27.215000,17.106457,5885400
2008-02-07,27.014999,27.535000,27.014999,27.415001,17.232178,4155800
2008-02-08,27.320000,27.480000,26.844999,26.920000,16.921032,5407400
2008-02-11,26.965000,27.455000,26.790001,27.455000,17.257313,5266800
2008-02-12,27.655001,27.825001,27.415001,27.559999,17.323307,4210200
2008-02-13,27.790001,27.870001,27.575001,27.750000,17.442743,4003600
2008-02-14,27.815001,27.855000,27.385000,27.410000,17.229031,5160600
2008-02-15,27.400000,28.240000,27.250000,28.195000,17.722452,5533800
2008-02-19,28.570000,28.570000,28.059999,28.225000,17.741308,5093600
2008-02-20,28.195000,28.315001,27.889999,28.260000,17.763313,3857800
2008-02-21,28.299999,28.480000,27.990000,28.084999,17.653315,3322400
2008-02-22,28.145000,28.555000,27.975000,28.450001,17.882744,3827600
2008-02-25,28.500000,28.815001,28.440001,28.785000,18.093307,3655600
2008-02-26,28.705000,28.990000,28.629999,28.910000,18.171883,3258200
2008-02-27,28.790001,28.965000,28.590000,28.670000,18.021023,3163800
2008-02-28,28.525000,28.549999,28.225000,28.410000,17.857595,3322000
2008-02-29,27.980000,28.325001,27.809999,27.995001,17.596743,4675800
2008-03-03,28.014999,28.270000,27.930000,28.270000,17.769598,4581600
2008-03-04,28.065001,28.219999,27.809999,27.955000,17.571592,5062400
2008-03-05,27.945000,28.105000,27.785000,28.000000,17.599880,4949000
2008-03-06,27.895000,27.940001,27.459999,27.465000,17.263596,3273000
2008-03-07,27.200001,27.590000,27.200001,27.365000,17.200739,4053800
2008-03-10,27.459999,28.090000,27.385000,27.980000,17.587309,5077600
2008-03-11,28.660000,28.660000,28.075001,28.570000,17.958166,6144600
2008-03-12,28.834999,28.990000,28.705000,28.885000,18.156164,4107200
2008-03-13,28.610001,28.920000,28.510000,28.820000,18.115309,4625800
2008-03-14,28.825001,29.250000,28.360001,28.600000,17.977016,5852000
2008-03-17,27.975000,28.745001,27.975000,28.385000,17.841881,8122200
2008-03-18,28.645000,29.100000,28.565001,29.100000,18.291306,5607400
2008-03-19,29.600000,30.000000,29.320000,29.459999,18.517586,9181000
2008-03-20,29.615000,30.215000,29.385000,30.059999,18.894735,8378800
2008-03-24,30.180000,30.180000,29.580000,29.815001,18.740734,5375400
2008-03-25,29.764999,29.855000,29.490000,29.625000,18.621305,4854400
2008-03-26,29.535000,29.730000,29.420000,29.504999,18.545879,4020200
2008-03-27,29.514999,30.080000,29.420000,29.850000,18.762735,6183000
2008-03-28,30.010000,30.184999,29.955000,30.030001,18.875877,4516600
2008-03-31,30.070000,30.070000,29.690001,29.940001,18.819302,4690600
2008-04-01,30.090000,30.500000,30.040001,30.480000,19.158730,4590600
2008-04-02,30.459999,30.465000,29.924999,30.030001,18.875877,4977600
2008-04-03,30.004999,30.155001,29.830000,30.020000,18.869589,4900800
2008-04-04,30.004999,30.375000,29.915001,30.275000,19.029875,3567000
2008-04-07,30.440001,30.520000,30.190001,30.455000,19.143019,4214600
2008-04-08,30.209999,30.209999,29.825001,30.035000,19.130274,4075600
2008-04-09,30.049999,30.250000,29.975000,30.135000,19.193974,3099200
2008-04-10,30.200001,30.200001,29.850000,29.905001,19.047474,3744400
2008-04-11,29.615000,29.885000,29.440001,29.770000,18.961494,3936400
2008-04-14,29.674999,29.955000,29.674999,29.905001,19.047474,2067800
2008-04-15,30.035000,30.195000,29.895000,30.075001,19.155758,2347800
2008-04-16,30.165001,30.625000,29.975000,30.600000,19.490150,5115400
2008-04-17,30.455000,30.660000,30.420000,30.580000,19.477407,3811000
2008-04-18,30.940001,31.250000,30.750000,31.195000,19.869116,7704400
2008-04-21,31.084999,31.160000,30.965000,31.070000,19.789497,4439400
2008-04-22,30.975000,31.049999,30.575001,30.780001,19.604786,3050200
2008-04-23,30.840000,31.250000,30.840000,31.250000,19.904154,5261600
2008-04-24,31.230000,31.230000,30.565001,30.809999,19.623901,4743200
2008-04-25,30.785000,30.950001,30.325001,30.450001,19.394609,4727400
2008-04-28,30.510000,30.850000,30.490000,30.625000,19.506067,3320200
2008-04-29,30.625000,30.855000,30.535000,30.635000,19.512440,3765400
2008-04-30,30.670000,30.860001,30.190001,30.200001,19.235363,5884400
2008-05-01,30.235001,30.770000,30.235001,30.650000,19.521992,4566200
2008-05-02,30.830000,31.035000,30.635000,30.834999,19.639824,4930600
2008-05-05,30.840000,31.000000,30.639999,30.920000,19.693962,2466400
2008-05-06,30.670000,30.955000,30.545000,30.889999,19.674850,3654200
2008-05-07,30.844999,30.889999,30.450001,30.450001,19.394609,2990600
2008-05-08,30.740000,31.000000,30.645000,30.795000,19.614349,4884800
2008-05-09,30.610001,30.695000,30.270000,30.410000,19.369125,4392600
2008-05-12,30.495001,30.639999,30.385000,30.635000,19.512440,3401000
2008-05-13,30.730000,30.870001,30.514999,30.809999,19.623901,4452400
2008-05-14,30.834999,31.155001,30.780001,30.940001,19.706697,4516600
2008-05-15,30.875000,31.245001,30.725000,31.040001,19.770395,3596800
2008-05-16,31.150000,31.250000,30.934999,31.090000,19.802238,4630000
2008-05-19,31.040001,31.040001,30.764999,30.965000,19.722628,4131600
2008-05-20,30.760000,31.125000,30.625000,30.965000,19.722628,3704400
2008-05-21,30.945000,31.094999,30.695000,30.750000,19.585682,4407400
2008-05-22,30.760000,31.090000,30.700001,30.875000,19.665304,4248200
2008-05-23,30.590000,30.750000,30.355000,30.545000,19.455112,3886400
2008-05-27,30.680000,31.290001,30.625000,31.200001,19.872303,5224200
2008-05-28,31.350000,31.360001,31.020000,31.285000,19.926443,6189400
2008-05-29,31.190001,31.750000,31.170000,31.565001,20.104788,4748000
2008-05-30,31.514999,31.775000,31.330000,31.600000,20.127075,6312400
2008-06-02,31.540001,31.625000,31.225000,31.424999,20.015619,3047400
2008-06-03,31.480000,31.650000,31.405001,31.520000,20.076124,6767800
2008-06-04,31.400000,31.955000,31.400000,31.855000,20.289495,6600800
2008-06-05,31.750000,31.945000,31.480000,31.715000,20.200325,5228200
2008-06-06,31.520000,31.559999,30.795000,30.815001,19.627085,6600200
2008-06-09,30.825001,31.360001,30.825001,31.209999,19.878672,4681200
2008-06-10,31.049999,31.565001,31.049999,31.379999,19.986954,3044800
2008-06-11,31.379999,31.379999,30.990000,31.139999,19.834089,4698400
2008-06-12,31.400000,31.400000,30.785000,30.934999,19.703518,4029600
2008-06-13,31.180000,31.365000,30.815001,31.355000,19.971029,4355800
2008-06-16,31.215000,31.264999,30.525000,30.760000,19.592051,5998200
2008-06-17,30.875000,30.930000,30.360001,30.365000,19.340466,4985800
2008-06-18,30.565001,31.684999,30.565001,31.320000,19.948732,9889000
2008-06-19,31.639999,31.639999,31.295000,31.395000,19.996504,5877600
2008-06-20,31.260000,31.559999,30.955000,31.510000,20.069754,10427200
2008-06-23,31.580000,31.750000,31.510000,31.700001,20.190775,5531000
2008-06-24,31.730000,31.730000,31.105000,31.200001,19.872303,8339200
2008-06-25,30.635000,31.200001,30.520000,30.594999,19.486958,8153200
2008-06-26,30.325001,30.905001,30.295000,30.430000,19.381865,6752400
2008-06-27,30.575001,30.580000,29.915001,29.934999,19.066582,7739000
2008-06-30,29.920000,30.565001,29.920000,30.385000,19.353203,6395400
2008-07-01,30.150000,30.485001,30.090000,30.469999,19.407341,5581600
2008-07-02,30.490000,30.590000,30.254999,30.285000,19.289511,5784400
2008-07-03,30.514999,30.530001,30.145000,30.375000,19.346838,2950800
2008-07-07,30.485001,30.750000,30.395000,30.645000,19.518812,6252400
2008-07-08,30.389999,30.855000,30.264999,30.830000,19.916096,6279600
2008-07-09,30.915001,31.475000,30.865000,31.334999,20.242323,7059600
2008-07-10,31.350000,31.735001,31.070000,31.735001,20.500721,10475000
2008-07-11,31.650000,31.754999,31.264999,31.570000,20.394131,5529600
2008-07-14,31.655001,31.834999,31.469999,31.620001,20.426434,4835800
2008-07-15,31.434999,32.115002,31.350000,32.014999,20.681604,12628800
2008-07-16,31.940001,32.174999,31.809999,31.934999,20.629923,8135400
2008-07-17,32.055000,32.205002,31.570000,32.029999,20.691286,6038400
2008-07-18,31.870001,31.975000,31.665001,31.740000,20.503956,6215800
2008-07-21,31.775000,31.775000,31.344999,31.700001,20.478117,3738800
2008-07-22,31.525000,32.455002,31.525000,32.455002,20.965837,9427200
2008-07-23,32.540001,32.619999,32.305000,32.584999,21.049820,7691000
2008-07-24,32.455002,32.740002,32.220001,32.250000,20.833408,7219800
2008-07-25,32.400002,32.400002,31.870001,31.990000,20.665453,6431400
2008-07-28,32.084999,32.270000,31.830000,31.959999,20.646069,4420600
2008-07-29,32.080002,32.320000,31.825001,32.259998,20.839867,4618400
2008-07-30,32.369999,32.529999,32.044998,32.384998,20.920618,5216800
2008-07-31,32.244999,32.465000,32.165001,32.195000,20.797882,3305400
2008-08-01,32.450001,32.450001,32.025002,32.174999,20.784962,3805800
2008-08-04,32.215000,32.950001,32.005001,32.845001,21.217777,5633200
2008-08-05,32.985001,33.150002,32.775002,33.095001,21.379276,7961000
2008-08-06,33.060001,33.375000,32.889999,33.345001,21.540783,6519200
2008-08-07,33.139999,33.139999,32.764999,32.855000,21.224237,6679200
2008-08-08,32.915001,33.564999,32.775002,33.540001,21.666746,5313800
2008-08-11,33.465000,33.730000,33.294998,33.724998,21.786257,7264000
2008-08-12,33.775002,33.805000,33.270000,33.529999,21.660292,5640400
2008-08-13,33.599998,33.750000,33.400002,33.544998,21.669981,4167800
2008-08-14,33.419998,33.875000,33.134998,33.595001,21.702274,3470400
2008-08-15,33.654999,33.974998,33.575001,33.849998,21.867004,3751600
2008-08-18,33.849998,33.910000,33.044998,33.180000,21.434189,5247400
2008-08-19,33.099998,33.264999,32.669998,32.919998,21.266228,4271600
2008-08-20,32.799999,33.494999,32.799999,33.415001,21.585993,6894800
2008-08-21,33.189999,33.674999,33.005001,33.535000,21.663515,5149000
2008-08-22,33.674999,33.889999,33.430000,33.724998,21.786257,3266200
2008-08-25,33.759998,33.845001,33.320000,33.509998,21.647364,2974200
2008-08-26,33.555000,33.665001,33.255001,33.400002,21.576305,3817000
2008-08-27,33.570000,33.750000,33.459999,33.639999,21.731348,3515600
2008-08-28,33.735001,33.799999,33.599998,33.730000,21.789482,3216200
2008-08-29,33.720001,33.720001,33.055000,33.090000,21.376047,4584400
2008-09-02,33.150002,33.799999,33.125000,33.709999,21.776566,5350600
2008-09-03,33.700001,33.700001,33.264999,33.360001,21.550468,5314400
2008-09-04,33.375000,33.974998,33.115002,33.465000,21.618301,8452200
2008-09-05,33.349998,34.000000,33.349998,33.919998,21.912220,5885600
2008-09-08,34.200001,34.285000,33.720001,34.224998,22.109253,7468000
2008-09-09,34.299999,34.410000,33.799999,33.840000,21.860546,6873600
2008-09-10,33.945000,34.075001,33.744999,33.840000,21.860546,5413000
2008-09-11,33.755001,34.445000,33.660000,34.410000,22.228769,5607400
2008-09-12,34.244999,34.549999,34.115002,34.549999,22.319199,5309200
2008-09-15,34.169998,34.759998,33.610001,34.075001,22.012360,6711000
2008-09-16,34.009998,34.419998,33.840000,34.275002,22.141552,8076000
2008-09-17,34.459999,35.665001,34.009998,34.869999,22.525927,14208200
2008-09-18,35.395000,35.825001,33.959999,34.830002,22.500086,11087400
2008-09-19,36.005001,36.005001,34.415001,35.029999,22.629282,9814200
2008-09-22,34.830002,35.025002,34.080002,34.084999,22.018814,8040800
2008-09-23,34.325001,34.724998,33.849998,34.025002,21.980059,6109800
2008-09-24,34.180000,34.250000,33.535000,34.165001,22.070499,7722200
2008-09-25,34.150002,34.840000,34.150002,34.424999,22.238459,5812800
2008-09-26,34.205002,34.880001,34.070000,34.805000,22.483934,4889600
2008-09-29,34.744999,34.889999,33.884998,34.055000,21.999437,6836200
2008-09-30,34.400002,34.400002,33.830002,34.360001,22.196461,6764200
2008-10-01,34.165001,35.275002,34.165001,35.080002,22.661583,7686200
2008-10-02,34.939999,35.294998,34.750000,34.750000,22.448402,9887600
2008-10-03,35.025002,35.500000,34.785000,35.075001,22.658356,11230800
2008-10-06,34.650002,34.820000,33.880001,34.240002,22.118946,10890000
2008-10-07,34.480000,34.695000,33.500000,33.500000,21.640905,10572400
2008-10-08,32.840000,33.375000,31.879999,32.630001,21.352976,17338000
2008-10-09,32.755001,32.810001,29.719999,30.110001,19.703894,12135600
2008-10-10,29.275000,30.004999,28.000000,29.055000,19.013502,16081200
2008-10-13,30.219999,31.815001,29.625000,31.795000,20.806549,11271400
2008-10-14,32.610001,33.000000,32.014999,32.209999,21.078125,14629000
2008-10-15,32.264999,33.119999,31.795000,31.860001,20.849087,16489400
2008-10-16,32.275002,32.750000,30.950001,32.430000,21.222097,19969400
2008-10-17,32.095001,33.264999,31.775000,32.365002,21.179552,10536000
2008-10-20,32.814999,32.849998,31.885000,32.730000,21.418413,11190800
2008-10-21,32.660000,33.674999,32.599998,33.115002,21.670359,8396800
2008-10-22,32.540001,33.020000,31.665001,32.224998,21.087938,12529200
2008-10-23,32.334999,33.355000,31.850000,33.080002,21.647449,13421000
2008-10-24,31.730000,32.555000,31.360001,32.119999,21.019222,12256000
2008-10-27,31.805000,32.599998,31.580000,31.855000,20.845810,7514200
2008-10-28,32.375000,33.790001,31.299999,33.790001,22.112076,10573400
2008-10-29,33.805000,34.500000,33.349998,33.404999,21.860125,9985200
2008-10-30,34.070000,34.340000,33.215000,33.790001,22.112076,8492600
2008-10-31,33.500000,34.244999,33.500000,33.869999,22.164419,7651000
2008-11-03,33.834999,34.174999,33.625000,33.950001,22.216774,4740400
2008-11-04,34.174999,34.500000,33.564999,33.830002,22.138252,7476600
2008-11-05,33.794998,33.985001,32.750000,32.880001,21.516575,7499600
2008-11-06,32.669998,33.215000,31.825001,31.969999,20.921074,8237200
2008-11-07,32.189999,32.970001,31.900000,32.970001,21.575464,6104000
2008-11-10,33.430000,33.849998,32.439999,32.865002,21.506752,5671200
2008-11-11,32.669998,33.169998,32.410000,32.834999,21.487118,7392600
2008-11-12,32.834999,32.834999,31.760000,31.895000,20.871988,7976800
2008-11-13,32.090000,33.450001,31.584999,33.389999,21.850317,10068000
2008-11-14,32.900002,34.410000,32.875000,33.115002,21.670359,9475800
2008-11-17,32.669998,33.689999,32.500000,32.759998,21.438042,8255400
2008-11-18,32.764999,33.000000,31.875000,32.665001,21.375877,9476000
2008-11-19,32.490002,33.000000,31.135000,31.155001,20.387737,11748800
2008-11-20,31.004999,32.205002,30.650000,30.754999,20.125978,10998600
2008-11-21,31.379999,32.505001,30.190001,32.349998,21.169739,12742400
2008-11-24,33.075001,33.075001,31.764999,32.250000,21.104301,9864400
2008-11-25,32.810001,32.810001,30.969999,31.445000,20.577515,11804600
2008-11-26,31.055000,31.469999,30.665001,31.455000,20.584061,6848000
2008-11-28,31.379999,31.639999,31.035000,31.584999,20.669134,2517800
2008-12-01,30.959999,31.549999,30.514999,30.555000,19.995098,7230800
2008-12-02,31.330000,31.330000,30.424999,31.145000,20.381191,7590800
2008-12-03,30.670000,31.420000,30.600000,31.379999,20.534979,6155800
2008-12-04,31.174999,31.735001,30.600000,30.850000,20.188147,8933600
2008-12-05,30.875000,32.000000,30.510000,31.934999,20.898167,6936800
2008-12-08,32.485001,32.654999,31.910000,32.389999,21.195915,8638400
2008-12-09,32.299999,32.490002,30.440001,30.514999,19.968925,13484800
2008-12-10,30.715000,30.719999,30.004999,30.480000,19.946018,9123000
2008-12-11,30.495001,30.809999,30.174999,30.250000,19.795506,6009200
2008-12-12,30.000000,30.594999,29.760000,30.570000,20.004911,6244200
2008-12-15,30.665001,30.665001,29.790001,30.049999,19.664625,6883200
2008-12-16,30.075001,30.905001,29.915001,30.625000,20.040905,7185000
2008-12-17,30.850000,31.094999,30.065001,30.674999,20.073626,9612200
2008-12-18,31.000000,31.174999,29.875000,30.075001,19.680988,8718600
2008-12-19,30.245001,30.475000,29.385000,29.500000,19.304705,9613600
2008-12-22,29.500000,29.500000,28.745001,29.184999,19.098572,9110000
2008-12-23,29.305000,29.625000,28.940001,29.014999,18.987329,5050800
2008-12-24,29.215000,29.309999,29.004999,29.225000,19.124746,1660800
2008-12-26,29.405001,29.490000,29.190001,29.355000,19.209826,1638800
2008-12-29,29.305000,29.490000,29.045000,29.350000,19.206551,4524200
2008-12-30,29.270000,29.865000,29.270000,29.855000,19.537024,4087200
2008-12-31,29.850000,30.490000,29.805000,30.375000,19.877308,5975400
2009-01-02,30.465000,30.469999,29.975000,30.180000,19.749704,5208800
2009-01-05,30.254999,30.500000,30.075001,30.400000,19.893663,5379600
2009-01-06,30.594999,30.850000,29.475000,29.760000,19.474852,9600000
2009-01-07,29.735001,29.860001,29.270000,29.420000,19.252363,6183200
2009-01-08,29.245001,29.490000,28.980000,29.254999,19.428347,7577400
2009-01-09,29.245001,29.485001,28.975000,29.065001,19.302168,4826600
2009-01-12,29.110001,30.180000,29.025000,29.934999,19.879942,8551000
2009-01-13,29.900000,29.985001,29.530001,29.715000,19.733831,5845000
2009-01-14,29.360001,29.440001,29.145000,29.375000,19.508039,5468600
2009-01-15,29.254999,29.555000,28.950001,29.525000,19.607651,6744600
2009-01-16,29.950001,30.405001,29.700001,30.290001,20.115690,9391400
2009-01-20,30.395000,30.725000,29.865000,29.895000,19.853373,8970600
2009-01-21,30.230000,30.230000,29.385000,29.834999,19.813524,7653200
2009-01-22,29.475000,30.000000,29.235001,29.950001,19.889902,8609600
2009-01-23,29.514999,29.790001,29.285000,29.660000,19.697308,6775000
2009-01-26,29.825001,30.250000,29.525000,29.705000,19.727194,8501600
2009-01-27,29.770000,30.344999,29.670000,30.215000,20.065884,6025800
2009-01-28,30.334999,30.430000,29.895000,30.155001,20.026035,6326600
2009-01-29,30.030001,30.645000,29.950001,30.049999,19.956306,5442800
2009-01-30,29.955000,30.000000,29.389999,29.575001,19.640858,6435800
2009-02-02,29.254999,29.799999,29.225000,29.645000,19.687347,4240800
2009-02-03,29.674999,30.389999,29.555000,30.250000,20.089125,3893400
2009-02-04,30.070000,30.145000,29.434999,29.535000,19.614288,5461200
2009-02-05,29.410000,29.730000,29.190001,29.555000,19.627583,6354600
2009-02-06,29.594999,29.790001,29.264999,29.420000,19.537928,5322000
2009-02-09,29.605000,29.605000,29.125000,29.400000,19.524635,4831200
2009-02-10,29.264999,29.400000,28.580000,28.695000,19.056444,6528000
2009-02-11,28.889999,29.014999,28.580000,28.660000,19.033199,5091200
2009-02-12,28.590000,28.905001,28.215000,28.905001,19.195908,6347400
2009-02-13,28.860001,28.975000,28.379999,28.420000,18.873814,6954200
2009-02-17,27.850000,28.510000,27.594999,28.174999,18.711107,8010800
2009-02-18,28.290001,28.424999,27.605000,27.740000,18.422234,6427200
2009-02-19,27.740000,28.330000,27.740000,27.860001,18.501921,7094000
2009-02-20,27.520000,27.805000,27.365000,27.520000,18.276125,7986000
2009-02-23,27.525000,27.995001,27.240000,27.260000,18.103456,6965200
2009-02-24,27.490000,27.820000,27.385000,27.750000,18.428869,6886800
2009-02-25,27.674999,27.750000,27.325001,27.400000,18.196430,5404200
2009-02-26,27.594999,27.610001,26.395000,26.424999,17.548931,9036000
2009-02-27,26.174999,26.645000,26.049999,26.240000,17.426073,7876800
2009-03-02,25.825001,26.365000,25.740000,26.160000,17.372946,8838200
2009-03-03,26.415001,26.459999,25.900000,26.075001,17.316500,7539000
2009-03-04,26.365000,26.365000,25.540001,25.680000,17.054176,10320800
2009-03-05,25.500000,25.584999,24.780001,24.995001,16.599266,9318800
2009-03-06,25.150000,25.490000,24.920000,25.480000,16.921356,7723600
2009-03-09,25.094999,25.299999,24.770000,24.844999,16.499649,6930400
2009-03-10,25.184999,25.270000,24.924999,25.094999,16.665674,6664600
2009-03-11,25.240000,25.355000,24.584999,24.715000,16.413309,9396800
2009-03-12,24.719999,26.059999,24.620001,26.000000,17.266691,9952400
2009-03-13,26.205000,26.500000,25.955000,26.299999,17.465923,7360400
2009-03-16,26.700001,27.170000,26.320000,26.700001,17.731564,6740200
2009-03-17,26.840000,26.875000,26.465000,26.830000,17.817896,6609800
2009-03-18,25.030001,25.035000,23.540001,23.815001,15.815626,37159600
2009-03-19,24.080000,24.174999,23.184999,23.645000,15.702732,22108400
2009-03-20,23.825001,23.945000,23.504999,23.610001,15.679483,11441200
2009-03-23,24.070000,24.879999,23.879999,24.850000,16.502970,13492800
2009-03-24,24.655001,25.235001,24.240000,24.900000,16.536175,10031000
2009-03-25,25.035000,25.059999,24.299999,24.764999,16.446520,8721200
2009-03-26,24.975000,24.975000,24.010000,24.600000,16.336943,11706600
2009-03-27,24.370001,25.520000,24.370001,25.424999,16.884827,11183000
2009-03-30,25.025000,25.405001,24.875000,25.129999,16.688913,7956400
2009-03-31,25.235001,25.250000,24.754999,24.940001,16.562738,8461200
2009-04-01,24.740000,25.530001,24.375000,25.400000,16.868225,9942800
2009-04-02,25.645000,25.940001,25.424999,25.510000,16.941275,8855800
2009-04-03,25.500000,25.805000,25.100000,25.430000,16.888151,5369800
2009-04-06,25.400000,25.625000,25.209999,25.405001,16.871548,4473000
2009-04-07,25.230000,25.934999,25.020000,25.405001,17.162033,7613000
2009-04-08,25.440001,25.770000,25.200001,25.405001,17.162033,7018600
2009-04-09,25.700001,25.844999,25.219999,25.420000,17.172165,7069400
2009-04-13,25.320000,25.625000,25.184999,25.184999,17.013412,6781800
2009-04-14,25.180000,25.219999,24.695000,24.745001,16.716179,9390000
2009-04-15,24.610001,25.135000,24.610001,24.940001,16.847902,4803000
2009-04-16,25.025000,25.235001,24.309999,25.125000,16.972881,8578200
2009-04-17,25.135000,25.250000,24.730000,24.945000,16.851282,7189600
2009-04-20,24.715000,25.235001,24.570000,24.965000,16.864796,5995800
2009-04-21,24.825001,25.455000,24.825001,25.325001,17.107988,6442600
2009-04-22,25.139999,25.139999,24.700001,24.745001,16.716179,5966000
2009-04-23,24.709999,24.865000,24.500000,24.834999,16.776972,5045200
2009-04-24,24.934999,24.975000,24.254999,24.365000,16.459473,6069400
2009-04-27,24.340000,25.000000,24.340000,24.580000,16.604712,7432800
2009-04-28,24.530001,25.209999,24.459999,25.020000,16.901947,5622000
2009-04-29,25.205000,25.620001,24.959999,25.389999,17.151892,6299600
2009-04-30,25.504999,25.705000,25.135000,25.344999,17.121494,7948200
2009-05-01,25.510000,25.629999,25.150000,25.240000,17.050564,5270800
2009-05-04,25.500000,26.225000,25.360001,26.225000,17.715971,10143400
2009-05-05,26.084999,26.625000,26.020000,26.080000,17.618015,6196800
2009-05-06,26.379999,26.535000,25.770000,25.930000,17.516689,8967400
2009-05-07,26.299999,27.030001,25.770000,26.735001,18.060492,9934800
2009-05-08,27.000000,27.000000,26.240000,26.700001,18.036854,8811600
2009-05-11,26.495001,26.850000,26.285000,26.455000,17.871344,5988000
2009-05-12,26.559999,26.955000,26.510000,26.825001,18.121296,4931000
2009-05-13,26.665001,26.934999,26.555000,26.730000,18.057112,7469600
2009-05-14,26.809999,27.080000,26.590000,26.709999,18.043608,5409600
2009-05-15,26.715000,26.715000,26.055000,26.305000,17.770012,6204400
2009-05-18,26.360001,26.415001,26.090000,26.340000,17.793655,5622800
2009-05-19,26.459999,26.480000,26.014999,26.075001,17.614641,7631000
2009-05-20,26.150000,26.475000,26.094999,26.209999,17.705835,5246600
2009-05-21,26.045000,26.299999,26.000000,26.205000,17.702461,4461200
2009-05-22,26.200001,26.555000,26.120001,26.325001,17.783525,4017800
2009-05-26,26.305000,26.545000,25.955000,26.305000,17.770012,6962400
2009-05-27,26.250000,26.250000,25.430000,25.485001,17.216064,7862000
2009-05-28,25.674999,25.735001,25.350000,25.605000,17.297134,5585800
2009-05-29,25.700001,25.750000,25.334999,25.590000,17.287003,7186200
2009-06-01,25.754999,25.945000,25.455000,25.584999,17.283625,9309200
2009-06-02,25.555000,26.504999,25.504999,26.299999,17.766636,11057600
2009-06-03,26.200001,26.385000,26.115000,26.355000,17.803787,6560200
2009-06-04,26.330000,26.475000,25.955000,25.985001,17.553835,6370000
2009-06-05,26.110001,26.215000,25.684999,26.080000,17.618015,6673000
2009-06-08,26.559999,27.360001,26.540001,27.110001,18.313820,11246400
2009-06-09,27.075001,27.370001,27.010000,27.205000,18.377995,7322400
2009-06-10,27.375000,27.485001,27.049999,27.264999,18.418526,5605400
2009-06-11,27.275000,27.605000,27.264999,27.355000,18.479330,5285200
2009-06-12,27.315001,27.555000,27.105000,27.459999,18.550257,3636800
2009-06-15,27.379999,27.379999,26.955000,27.020000,18.253016,5155000
2009-06-16,27.035000,27.065001,26.790001,26.809999,18.111160,4516400
2009-06-17,26.790001,27.459999,26.790001,27.290001,18.435415,4830600
2009-06-18,27.379999,27.895000,27.209999,27.735001,18.736031,4659800
2009-06-19,27.809999,27.820000,27.240000,27.360001,18.482706,6805800
2009-06-22,27.280001,27.719999,27.150000,27.639999,18.671856,7161200
2009-06-23,27.715000,27.809999,27.370001,27.475000,18.560394,5626200
2009-06-24,27.629999,27.785000,27.410000,27.540001,18.604303,5461400
2009-06-25,27.510000,28.000000,27.275000,27.975000,18.898157,4668600
2009-06-26,27.860001,27.950001,27.514999,27.639999,18.671856,7141200
2009-06-29,27.670000,27.920000,27.504999,27.920000,18.861004,3351800
2009-06-30,27.975000,28.160000,27.639999,28.010000,18.921806,6845200
2009-07-01,28.680000,29.230000,28.540001,29.090000,19.651388,14373400
2009-07-02,28.985001,29.580000,28.885000,29.250000,19.759472,11492200
2009-07-06,29.135000,30.320000,29.094999,30.200001,20.401228,12929400
2009-07-07,30.105000,30.275000,29.875000,29.945000,20.228966,10302000
2009-07-08,29.860001,29.895000,29.295000,29.430000,20.198086,11889400
2009-07-09,29.555000,29.575001,29.174999,29.340000,20.136318,5200000
2009-07-10,29.280001,29.545000,29.075001,29.184999,20.029942,5515400
2009-07-13,29.290001,29.700001,29.215000,29.545000,20.277010,6124600
2009-07-14,29.629999,29.719999,29.275000,29.605000,20.318186,4371000
2009-07-15,29.775000,29.875000,29.525000,29.865000,20.496630,5705400
2009-07-16,29.850000,29.885000,29.575001,29.790001,20.445162,4431800
2009-07-17,29.740000,29.875000,29.264999,29.405001,20.180933,5793200
2009-07-20,29.485001,29.594999,29.275000,29.375000,20.160337,6067600
2009-07-21,29.549999,29.650000,29.020000,29.260000,20.081413,7013000
2009-07-22,29.365000,29.495001,29.205000,29.375000,20.160337,3782800
2009-07-23,29.434999,29.885000,29.299999,29.580000,20.301027,4632800
2009-07-24,29.500000,29.650000,29.330000,29.540001,20.273581,3144800
2009-07-27,29.570000,29.570000,29.165001,29.480000,20.232393,2462200
2009-07-28,29.410000,29.590000,29.250000,29.540001,20.273581,3464400
2009-07-29,29.469999,29.650000,29.225000,29.540001,20.273581,3676400
2009-07-30,29.655001,30.000000,29.514999,29.625000,20.331917,4819400
2009-07-31,29.670000,29.799999,29.420000,29.455000,20.215240,3851800
2009-08-03,29.650000,29.754999,29.014999,29.125000,19.988756,5447000
2009-08-04,29.129999,29.375000,28.825001,29.125000,19.988756,6466800
2009-08-05,29.070000,29.250000,28.905001,29.000000,19.902975,3950400
2009-08-06,29.030001,29.254999,28.775000,28.920000,19.848063,4037800
2009-08-07,29.094999,29.145000,28.655001,28.764999,19.741682,4693600
2009-08-10,28.830000,29.195000,28.615000,29.070000,19.951012,5034800
2009-08-11,28.940001,29.280001,28.870001,29.094999,19.968170,4002000
2009-08-12,29.025000,29.080000,28.805000,28.920000,19.848063,4407200
2009-08-13,28.889999,28.905001,28.545000,28.709999,19.703936,3840200
2009-08-14,28.820000,28.959999,28.594999,28.875000,19.817186,3768000
2009-08-17,28.674999,28.950001,28.629999,28.754999,19.734821,3793800
2009-08-18,28.740000,28.950001,28.559999,28.830000,19.786293,3059600
2009-08-19,28.650000,29.260000,28.650000,29.120001,19.985331,4477000
2009-08-20,29.184999,29.334999,28.795000,29.290001,20.101997,3540400
2009-08-21,29.365000,29.924999,29.315001,29.805000,20.455452,5109600
2009-08-24,29.730000,29.790001,29.465000,29.660000,20.355940,3152200
2009-08-25,29.719999,29.795000,29.355000,29.620001,20.328489,3161200
2009-08-26,29.584999,30.004999,29.555000,29.809999,20.458881,4201400
2009-08-27,29.855000,29.915001,29.575001,29.635000,20.338779,3380400
2009-08-28,29.735001,29.795000,29.430000,29.485001,20.235832,3014600
2009-08-31,29.434999,29.895000,29.315001,29.865000,20.496630,3793400
2009-09-01,29.805000,29.815001,29.504999,29.605000,20.318186,4781200
2009-09-02,29.264999,29.490000,29.139999,29.375000,20.160337,6076600
2009-09-03,29.490000,29.490000,28.990000,29.305000,20.112295,3969600
2009-09-04,29.355000,29.385000,29.165001,29.254999,20.077982,3517800
2009-09-08,29.674999,30.254999,29.309999,30.254999,20.764290,7618800
2009-09-09,30.254999,30.340000,30.100000,30.270000,20.774584,4792600
2009-09-10,30.299999,30.455000,29.945000,30.450001,20.898119,7618200
2009-09-11,30.424999,30.555000,30.135000,30.290001,20.788307,4184800
2009-09-14,30.184999,30.360001,30.125000,30.290001,20.788307,2528000
2009-09-15,30.240000,30.250000,29.770000,30.150000,20.692228,4935400
2009-09-16,29.735001,30.115000,29.445000,30.115000,20.668211,7044600
2009-09-17,30.129999,30.174999,29.959999,30.030001,20.609867,4785200
2009-09-18,30.070000,30.200001,29.900000,30.155001,20.695658,6169600
2009-09-21,29.969999,30.495001,29.825001,30.330000,20.815763,3860000
2009-09-22,30.440001,30.584999,30.200001,30.485001,20.922142,7058600
2009-09-23,31.500000,32.310001,31.434999,31.900000,21.893269,15010600
2009-09-24,31.910000,32.070000,31.600000,31.725000,21.773169,7426000
2009-09-25,31.610001,31.740000,31.445000,31.645000,21.718256,5041000
2009-09-28,31.780001,32.299999,31.745001,32.255001,22.136911,6985400
2009-09-29,32.279999,32.290001,31.680000,31.785000,21.814341,5891200
2009-09-30,31.754999,32.244999,31.540001,32.189999,22.092300,7592000
2009-10-01,32.180000,32.180000,31.715000,31.745001,21.786896,5736600
2009-10-02,31.594999,32.025002,31.594999,31.945000,21.924154,4753200
2009-10-05,32.134998,32.134998,31.594999,31.980000,21.948168,3439600
2009-10-06,32.505001,32.505001,32.310001,32.450001,22.270739,5985400
2009-10-07,32.314999,32.355000,32.119999,32.325001,22.511000,3597200
2009-10-08,32.345001,32.404999,32.064999,32.345001,22.524929,3883800
2009-10-09,32.340000,32.400002,32.060001,32.224998,22.441353,3106600
2009-10-12,32.220001,32.564999,32.134998,32.345001,22.524929,3995600
2009-10-13,32.340000,32.500000,32.244999,32.400002,22.563229,3091600
2009-10-14,32.485001,32.525002,32.294998,32.410000,22.570187,2964000
2009-10-15,32.360001,32.700001,32.255001,32.645000,22.733845,4744200
2009-10-16,32.625000,33.169998,32.494999,33.000000,22.981068,6713400
2009-10-19,33.099998,33.404999,32.834999,33.160000,23.092487,4081200
2009-10-20,33.240002,33.380001,32.955002,33.169998,23.099445,4553200
2009-10-21,33.165001,33.459999,32.660000,32.715000,22.782587,4514600
2009-10-22,32.700001,32.865002,32.400002,32.775002,22.824377,3353000
2009-10-23,32.845001,32.900002,32.400002,32.474998,22.615458,3075200
2009-10-26,32.540001,32.814999,32.334999,32.505001,22.636347,3407600
2009-10-27,32.595001,32.884998,32.490002,32.730000,22.793034,3483000
2009-10-28,32.610001,32.799999,32.410000,32.445000,22.594563,5041600
2009-10-29,32.505001,33.380001,32.500000,33.349998,23.224800,5568000
2009-10-30,33.400002,33.450001,32.924999,32.959999,22.953201,7720600
2009-11-02,33.080002,33.139999,32.695000,32.875000,22.894011,6365200
2009-11-03,32.785000,32.849998,32.310001,32.514999,22.643309,4954400
2009-11-04,32.535000,32.700001,32.240002,32.459999,22.605003,6016000
2009-11-05,32.494999,33.224998,32.480000,33.125000,23.068115,5021600
2009-11-06,33.070000,33.200001,32.860001,33.185001,23.109896,3222000
2009-11-09,33.305000,33.404999,33.035000,33.360001,23.231764,3262600
2009-11-10,33.224998,33.740002,33.224998,33.584999,23.388451,3838400
2009-11-11,33.715000,33.750000,33.435001,33.474998,23.311850,3207000
2009-11-12,33.415001,33.884998,33.404999,33.639999,23.426756,3888400
2009-11-13,33.709999,33.849998,33.605000,33.799999,23.538177,2395800
2009-11-16,33.840000,33.875000,33.605000,33.865002,23.583448,3521800
2009-11-17,33.865002,33.875000,33.685001,33.785000,23.527737,3182200
2009-11-18,33.705002,33.825001,33.500000,33.744999,23.499878,2641200
2009-11-19,33.665001,33.810001,33.340000,33.755001,23.506844,3404000
2009-11-20,33.650002,34.000000,33.650002,33.970001,23.656574,4608000
2009-11-23,34.049999,34.349998,33.965000,34.169998,23.795849,3311400
2009-11-24,34.099998,34.549999,34.000000,34.509998,24.032618,4440600
2009-11-25,34.424999,34.470001,34.165001,34.360001,23.928158,2516400
2009-11-27,33.869999,34.195000,33.650002,34.049999,23.712275,1688200
2009-11-30,34.110001,34.115002,33.834999,34.000000,23.677458,3352200
2009-12-01,34.240002,34.410000,34.154999,34.340000,23.914230,3669600
2009-12-02,34.270000,34.500000,34.200001,34.279999,23.872448,3301800
2009-12-03,34.279999,34.380001,33.980000,34.095001,23.743612,3048000
2009-12-04,34.259998,34.500000,34.145000,34.465000,24.001286,3319800
2009-12-07,34.490002,34.650002,34.360001,34.500000,24.025658,2766000
2009-12-08,34.419998,34.535000,34.060001,34.365002,23.931646,3720800
2009-12-09,34.264999,34.560001,34.180000,34.299999,23.886377,3673600
2009-12-10,34.290001,34.560001,34.250000,34.365002,23.931646,3025200
2009-12-11,34.474998,34.764999,34.430000,34.529999,24.046547,4228800
2009-12-14,34.634998,34.689999,34.334999,34.465000,24.001286,3981800
2009-12-15,34.500000,34.500000,34.205002,34.395000,23.952538,3973200
2009-12-16,34.474998,34.619999,34.099998,34.145000,23.778435,5476400
2009-12-17,34.450001,34.965000,34.250000,34.520000,24.039585,8856600
2009-12-18,34.709999,34.939999,34.044998,34.474998,24.008242,7683200
2009-12-21,34.645000,34.910000,34.509998,34.799999,24.234573,4210000
2009-12-22,34.935001,35.490002,34.840000,35.445000,24.683746,7417200
2009-12-23,35.325001,35.485001,35.310001,35.465000,24.697678,2839600
2009-12-24,35.355000,35.500000,35.330002,35.474998,24.704636,1278200
2009-12-28,35.505001,35.900002,35.480000,35.900002,25.000608,4164600
2009-12-29,35.939999,36.044998,35.830002,35.970001,25.049366,3083400
2009-12-30,35.994999,35.994999,35.785000,35.904999,25.004095,2375600
2009-12-31,35.990002,35.990002,35.400002,35.404999,24.655891,2752400
2010-01-04,35.595001,35.639999,35.314999,35.450001,24.687231,5156400
2010-01-05,35.580002,35.590000,34.805000,35.119999,24.457415,7439200
2010-01-06,35.154999,35.459999,34.970001,35.330002,24.603659,4686800
2010-01-07,35.099998,35.715000,34.974998,35.650002,25.175678,6706800
2010-01-08,35.700001,35.700001,35.130001,35.360001,24.970882,4445800
2010-01-11,35.325001,35.459999,35.150002,35.395000,24.995602,2452200
2010-01-12,35.349998,35.720001,35.275002,35.660000,25.182735,3686400
2010-01-13,35.619999,35.955002,35.430000,35.820000,25.295732,4028000
2010-01-14,35.830002,35.895000,35.595001,35.820000,25.295732,2270800
2010-01-15,35.830002,35.985001,35.555000,35.665001,25.186270,3872400
2010-01-19,35.855000,36.125000,35.724998,35.955002,25.391066,5109600
2010-01-20,35.770000,35.770000,35.529999,35.715000,25.221584,4087000
2010-01-21,35.750000,35.965000,35.430000,35.560001,25.112122,5222000
2010-01-22,35.575001,35.924999,35.430000,35.480000,25.055624,7612800
2010-01-25,35.634998,35.869999,35.320000,35.384998,24.988535,3934000
2010-01-26,35.250000,35.525002,34.974998,35.480000,25.055624,5024200
2010-01-27,35.490002,35.895000,35.305000,35.759998,25.253353,5461000
2010-01-28,35.939999,36.230000,35.845001,35.974998,25.405186,6167400
2010-01-29,36.150002,36.154999,35.634998,35.654999,25.179207,5146400
2010-02-01,35.915001,35.915001,35.369999,35.514999,25.080339,5566800
2010-02-02,35.599998,35.810001,35.345001,35.514999,25.080339,7693400
2010-02-03,35.575001,35.575001,35.099998,35.270000,24.907330,6018400
2010-02-04,35.075001,35.125000,34.490002,34.500000,24.363564,8263800
2010-02-05,34.369999,34.540001,34.035000,34.314999,24.232924,5895600
2010-02-08,34.355000,34.630001,34.259998,34.290001,24.215258,3941000
2010-02-09,34.435001,34.910000,34.435001,34.724998,24.522459,3763600
2010-02-10,34.755001,34.865002,34.470001,34.735001,24.529512,3514000
2010-02-11,34.630001,34.724998,34.349998,34.715000,24.515392,4131000
2010-02-12,34.529999,34.830002,34.250000,34.744999,24.536573,5271600
2010-02-16,34.775002,35.330002,34.575001,35.310001,24.935574,4646400
2010-02-17,35.320000,35.575001,35.290001,35.485001,25.059160,3416800
2010-02-18,35.474998,36.020000,35.474998,36.014999,25.433439,4300200
2010-02-19,35.994999,36.235001,35.849998,36.180000,25.549967,2998000
2010-02-22,36.195000,36.240002,35.980000,36.145000,25.525244,2646800
2010-02-23,36.055000,36.200001,35.840000,35.939999,25.380472,2297200
2010-02-24,36.049999,36.169998,35.840000,35.959999,25.394596,2578800
2010-02-25,35.785000,35.889999,35.439999,35.845001,25.313377,4094600
2010-02-26,35.889999,36.195000,35.564999,36.005001,25.426380,3671400
2010-03-01,35.994999,36.389999,35.994999,36.224998,25.581730,4221000
2010-03-02,36.299999,36.490002,36.255001,36.349998,25.670012,4592800
2010-03-03,36.365002,36.630001,36.305000,36.480000,25.761820,3210200
2010-03-04,36.590000,36.615002,35.849998,36.189999,25.557022,6746000
2010-03-05,36.180000,36.445000,36.150002,36.345001,25.666487,3623200
2010-03-08,36.404999,36.404999,35.915001,36.075001,25.475798,3749600
2010-03-09,36.005001,36.299999,36.000000,36.035000,25.447557,3365600
2010-03-10,36.055000,36.209999,35.945000,36.125000,25.511116,4021800
2010-03-11,35.994999,36.310001,35.900002,36.310001,25.641766,2792400
2010-03-12,36.389999,36.500000,36.025002,36.185001,25.553497,3535800
2010-03-15,36.169998,36.345001,36.134998,36.279999,25.620586,3758200
2010-03-16,36.310001,36.695000,36.275002,36.634998,25.871277,4055000
2010-03-17,36.634998,36.665001,36.375000,36.584999,25.835962,3369000
2010-03-18,36.595001,36.869999,36.494999,36.820000,26.001919,4336000
2010-03-19,36.669998,36.974998,36.619999,36.669998,25.895987,5539000
2010-03-22,36.560001,36.625000,36.334999,36.490002,25.768879,6166400
2010-03-23,36.584999,36.840000,36.509998,36.785000,25.977200,4904800
2010-03-24,36.494999,36.650002,36.025002,36.090000,25.486401,9006800
2010-03-25,36.259998,36.275002,35.500000,35.575001,25.122719,8410000
2010-03-26,35.630001,35.630001,35.134998,35.240002,24.886143,5831000
2010-03-29,35.334999,35.535000,35.150002,35.430000,25.020311,5175800
2010-03-30,35.450001,35.680000,35.435001,35.584999,25.129780,6082200
2010-03-31,35.584999,35.605000,35.299999,35.395000,24.995602,5512400
2010-04-01,35.544998,35.845001,35.544998,35.689999,25.203930,5265000
2010-04-05,35.740002,35.830002,35.244999,35.419998,25.013250,5360200
2010-04-06,35.325001,35.455002,35.205002,35.255001,24.896740,5471400
2010-04-07,35.240002,35.244999,34.955002,35.064999,24.762560,5748800
2010-04-08,34.895000,35.154999,34.674999,35.080002,25.124237,5765600
2010-04-09,35.130001,35.435001,35.105000,35.410000,25.360580,4877200
2010-04-12,35.439999,35.520000,35.064999,35.180000,25.195860,4816200
2010-04-13,35.080002,35.430000,34.875000,35.340000,25.310450,7381400
2010-04-14,35.330002,35.575001,35.084999,35.435001,25.378490,5421600
2010-04-15,35.314999,35.450001,35.064999,35.305000,25.285379,4964200
2010-04-16,35.174999,35.404999,34.985001,35.099998,25.138563,5528800
2010-04-19,35.095001,35.180000,34.930000,35.154999,25.177954,5124200
2010-04-20,35.185001,35.264999,35.009998,35.244999,25.242403,4669200
2010-04-21,35.314999,35.450001,35.209999,35.314999,25.292545,4122800
2010-04-22,35.125000,35.445000,34.970001,35.200001,25.210184,3871600
2010-04-23,35.250000,35.314999,34.919998,35.314999,25.292545,5255400
2010-04-26,35.334999,35.494999,35.209999,35.305000,25.285379,4236600
2010-04-27,35.180000,35.220001,34.705002,34.735001,24.877144,4404800
2010-04-28,34.759998,35.165001,34.270000,35.150002,25.174379,7443800
2010-04-29,35.154999,35.689999,35.154999,35.595001,25.493078,5929400
2010-04-30,35.695000,35.889999,35.570000,35.580002,25.482334,6576000
2010-05-03,35.790001,35.840000,35.439999,35.735001,25.593349,4553600
2010-05-04,35.950001,36.000000,35.555000,35.790001,25.632738,8312400
2010-05-05,35.705002,36.424999,35.665001,36.275002,25.980093,7139200
2010-05-06,36.224998,36.445000,34.750000,35.455002,25.392813,9246000
2010-05-07,35.505001,35.505001,34.705002,34.834999,24.948767,10124200
2010-05-10,36.044998,36.044998,35.445000,35.965000,25.758074,5716800
2010-05-11,35.820000,36.389999,35.680000,36.160000,25.897732,5140400
2010-05-12,36.279999,36.755001,36.075001,36.755001,26.323872,6524600
2010-05-13,36.645000,37.099998,36.500000,36.715000,26.295229,5875400
2010-05-14,36.595001,36.669998,36.180000,36.369999,26.048130,6114200
2010-05-17,36.459999,36.990002,36.310001,36.955002,26.467110,6667400
2010-05-18,37.115002,37.224998,36.840000,36.855000,26.395487,5721400
2010-05-19,36.740002,36.895000,36.525002,36.775002,26.338194,7605600
2010-05-20,36.320000,36.439999,35.685001,35.759998,25.611248,6000400
2010-05-21,35.029999,35.860001,35.029999,35.860001,25.682871,7023400
2010-05-24,35.715000,36.150002,35.525002,35.785000,25.629156,4867600
2010-05-25,35.070000,35.474998,34.959999,35.435001,25.378490,6815400
2010-05-26,35.654999,35.715000,35.215000,35.250000,25.245996,5246800
2010-05-27,35.785000,35.805000,35.395000,35.700001,25.568275,5126600
2010-05-28,35.799999,35.919998,35.595001,35.615002,25.507404,4174400
2010-06-01,35.525002,36.349998,35.505001,36.000000,25.783146,6438600
2010-06-02,36.040001,37.150002,36.040001,37.150002,26.606768,7895800
2010-06-03,37.279999,37.570000,37.205002,37.369999,26.764336,7888200
2010-06-04,37.139999,37.139999,36.520000,36.650002,26.248676,6654200
2010-06-07,36.650002,37.840000,36.625000,37.275002,26.696287,7015400
2010-06-08,37.369999,37.695000,37.180000,37.570000,26.907574,19954200
2010-06-09,37.400002,37.709999,37.330002,37.500000,26.857437,10692100
2010-06-10,37.700001,38.040001,37.570000,37.919998,27.158239,7374100
2010-06-11,37.779999,37.779999,37.459999,37.660000,26.972019,6250600
2010-06-14,37.980000,38.320000,37.759998,38.090000,27.279987,5297900
2010-06-15,38.459999,38.459999,37.959999,38.169998,27.337294,7774300
2010-06-16,37.959999,38.400002,37.840000,38.330002,27.451874,4107000
2010-06-17,38.549999,38.980000,38.369999,38.930000,27.881594,6003700
2010-06-18,38.939999,38.980000,38.439999,38.540001,27.602289,5842200
2010-06-21,38.790001,38.849998,37.820000,37.950001,27.179724,6259600
2010-06-22,37.970001,38.139999,37.660000,37.709999,27.007833,5165500
2010-06-23,37.639999,37.990002,37.500000,37.840000,27.100941,4071000
2010-06-24,37.799999,38.009998,37.500000,37.570000,26.907574,5502900
2010-06-25,37.700001,37.799999,37.290001,37.340000,26.742840,8835700
2010-06-28,37.310001,37.639999,37.090000,37.400002,26.785818,5089800
2010-06-29,37.240002,37.430000,36.689999,36.900002,26.427727,6407300
2010-06-30,35.049999,35.900002,34.950001,35.520000,25.439360,14095400
2010-07-01,35.610001,35.680000,35.130001,35.450001,25.389233,8049100
2010-07-02,35.450001,35.639999,35.200001,35.419998,25.367748,5031200
2010-07-06,35.759998,35.930000,35.549999,35.810001,25.647068,7046200
2010-07-07,35.810001,36.459999,35.680000,36.439999,26.098261,6278400
2010-07-08,36.490002,36.830002,36.230000,36.720001,26.502443,7242800
2010-07-09,36.639999,36.720001,36.150002,36.150002,26.091053,6047700
2010-07-12,36.020000,36.270000,35.799999,36.220001,26.141577,5784500
2010-07-13,36.380001,36.610001,36.270000,36.380001,26.257051,4089100
2010-07-14,36.340000,36.410000,36.020000,36.250000,26.163219,3449800
2010-07-15,36.180000,36.310001,35.860001,36.070000,26.033306,5567600
2010-07-16,35.919998,36.080002,35.430000,35.540001,25.650787,6165200
2010-07-19,35.700001,35.700001,35.259998,35.389999,25.542530,4158800
2010-07-20,35.099998,35.419998,35.000000,35.360001,25.520874,5681300
2010-07-21,35.560001,35.560001,34.939999,35.029999,25.282696,4740800
2010-07-22,35.240002,35.480000,35.090000,35.360001,25.520874,5973900
2010-07-23,35.419998,35.580002,35.220001,35.520000,25.636345,4666500
2010-07-26,35.400002,35.689999,35.360001,35.439999,25.578608,4392200
2010-07-27,35.500000,36.000000,35.299999,35.889999,25.903397,5043800
2010-07-28,35.910000,35.910000,35.380001,35.439999,25.578608,3635700
2010-07-29,35.029999,35.110001,34.130001,34.130001,24.633127,10673500
2010-07-30,33.970001,34.480000,33.840000,34.200001,24.683651,8450500
2010-08-02,35.029999,35.029999,34.310001,34.349998,24.791912,6599000
2010-08-03,34.419998,34.419998,33.970001,33.980000,24.524868,4589000
2010-08-04,34.000000,34.700001,34.000000,34.619999,24.986782,3836500
2010-08-05,34.520000,34.520000,33.529999,33.849998,24.431030,10074500
2010-08-06,33.730000,33.730000,33.110001,33.570000,24.228951,7683000
2010-08-09,33.619999,33.869999,33.520000,33.700001,24.322781,4530800
2010-08-10,33.419998,34.150002,33.419998,33.980000,24.524868,5018600
2010-08-11,33.720001,33.980000,33.480000,33.810001,24.402174,5340100
2010-08-12,33.610001,34.439999,33.509998,34.430000,24.849646,9114400
2010-08-13,34.400002,35.169998,34.240002,34.860001,25.159996,7105000
2010-08-16,34.770000,35.160000,34.500000,35.150002,25.369314,6016300
2010-08-17,35.279999,35.540001,34.939999,35.380001,25.535305,4722500
2010-08-18,35.439999,35.540001,35.139999,35.410000,25.556955,4537800
2010-08-19,35.139999,35.290001,34.910000,35.130001,25.354874,4158400
2010-08-20,34.869999,35.200001,34.869999,35.139999,25.362087,3750200
2010-08-23,35.169998,35.619999,35.029999,35.410000,25.556955,6044200
2010-08-24,35.200001,35.700001,35.160000,35.509998,25.629131,6017400
2010-08-25,35.299999,35.580002,35.189999,35.250000,25.441483,4144000
2010-08-26,35.250000,35.410000,34.939999,35.209999,25.412611,5533500
2010-08-27,35.330002,36.020000,35.310001,36.000000,25.982792,4907800
2010-08-30,35.889999,36.200001,35.660000,35.660000,25.737394,4006100
2010-08-31,35.610001,36.200001,35.540001,36.160000,26.098265,4945700
2010-09-01,36.410000,36.490002,35.990002,36.060001,26.026096,4776300
2010-09-02,36.119999,36.310001,36.000000,36.169998,26.105482,3402700
2010-09-03,36.330002,36.330002,35.820000,36.060001,26.026096,4759100
2010-09-07,35.990002,36.169998,35.840000,35.950001,25.946701,2767400
2010-09-08,36.040001,36.470001,36.040001,36.340000,26.228184,3557900
2010-09-09,36.529999,36.740002,36.389999,36.650002,26.451923,3244600
2010-09-10,36.340000,37.200001,36.340000,37.189999,26.841658,4712100
2010-09-13,37.299999,37.299999,36.310001,36.639999,26.444712,4004200
2010-09-14,36.660000,36.660000,36.310001,36.470001,26.322010,3787500
2010-09-15,36.509998,36.750000,36.320000,36.619999,26.430262,3073900
2010-09-16,36.680000,36.779999,36.509998,36.740002,26.516878,3656700
2010-09-17,36.889999,36.889999,36.160000,36.169998,26.105482,8469000
2010-09-20,36.330002,36.500000,36.099998,36.169998,26.105482,7427600
2010-09-21,36.009998,36.119999,35.520000,35.669998,25.744614,9911700
2010-09-22,36.270000,37.139999,35.970001,36.630001,26.437492,8749100
2010-09-23,36.459999,37.430000,36.099998,36.139999,26.083830,3776200
2010-09-24,36.500000,37.360001,36.500000,37.240002,26.877748,7420600
2010-09-27,37.040001,37.230000,36.580002,36.740002,26.516878,6488700
2010-09-28,36.810001,36.970001,36.310001,36.959999,26.675657,4006600
2010-09-29,36.919998,37.000000,36.590000,36.869999,26.610708,3037400
2010-09-30,37.009998,37.209999,36.279999,36.540001,26.372538,5427200
2010-10-01,36.860001,36.959999,36.520000,36.950001,26.668444,3588700
2010-10-04,36.820000,37.169998,36.730000,36.990002,26.697317,3180500
2010-10-05,37.279999,37.400002,37.119999,37.220001,26.863327,3540700
2010-10-06,36.990002,37.299999,36.860001,37.299999,27.125109,4750400
2010-10-07,37.400002,37.430000,37.060001,37.180000,27.037848,3073300
2010-10-08,37.259998,37.259998,36.639999,36.980000,26.892408,5020200
2010-10-11,37.080002,37.180000,36.450001,36.580002,26.601530,4853600
2010-10-12,36.599998,36.950001,36.480000,36.860001,26.805136,4171700
2010-10-13,37.000000,37.520000,37.000000,37.480000,27.256010,5716400
2010-10-14,37.380001,37.540001,37.029999,37.250000,27.088753,3886400
2010-10-15,37.389999,37.439999,37.099998,37.279999,27.110573,3471600
2010-10-18,37.270000,37.439999,37.070000,37.410000,27.205103,3254600
2010-10-19,37.189999,37.360001,36.900002,37.110001,26.986931,3839400
2010-10-20,37.169998,37.490002,37.130001,37.169998,27.030577,2819300
2010-10-21,36.950001,37.509998,36.950001,37.119999,26.994217,4049800
2010-10-22,37.130001,37.389999,37.119999,37.299999,27.125109,2395800
2010-10-25,37.369999,37.700001,37.310001,37.500000,27.270559,3593800
2010-10-26,37.599998,37.599998,37.169998,37.389999,27.190565,2440000
2010-10-27,37.240002,37.259998,36.840000,37.169998,27.030577,2689500
2010-10-28,37.299999,37.529999,37.070000,37.439999,27.226923,2675000
2010-10-29,37.410000,37.630001,37.389999,37.560001,27.314186,2486200
2010-11-01,37.700001,37.700001,36.889999,37.139999,27.008759,4653400
2010-11-02,37.349998,37.439999,36.770000,36.900002,26.834236,5109800
2010-11-03,36.900002,36.970001,36.520000,36.730000,26.710596,4394900
2010-11-04,36.910000,37.000000,36.330002,36.480000,26.528799,6529300
2010-11-05,36.480000,36.590000,36.160000,36.529999,26.565168,4083600
2010-11-08,36.389999,36.810001,36.240002,36.709999,26.696056,3284700
2010-11-09,36.669998,36.709999,35.919998,36.169998,26.303356,5205600
2010-11-10,36.049999,36.130001,35.680000,36.099998,26.252457,4285500
2010-11-11,36.000000,36.700001,36.000000,36.590000,26.608793,5701400
2010-11-12,36.470001,36.580002,36.110001,36.340000,26.426987,3121400
2010-11-15,36.500000,36.669998,35.849998,35.860001,26.077927,4344000
2010-11-16,35.790001,36.009998,35.400002,35.570000,25.867031,4190400
2010-11-17,35.500000,35.799999,34.880001,35.099998,25.525244,7002500
2010-11-18,35.270000,35.400002,35.080002,35.310001,25.677961,4081700
2010-11-19,35.360001,35.360001,35.020000,35.110001,25.532501,4160500
2010-11-22,34.910000,35.349998,34.910000,35.299999,25.670681,4580300
2010-11-23,35.000000,35.220001,34.820000,34.990002,25.445246,5524000
2010-11-24,35.000000,35.310001,35.000000,35.240002,25.627052,2908800
2010-11-26,35.060001,35.270000,34.980000,35.110001,25.532501,1520300
2010-11-29,34.980000,35.500000,34.939999,35.450001,25.779766,5525500
2010-11-30,35.110001,35.480000,35.070000,35.330002,25.692493,5801900
2010-12-01,35.639999,35.709999,35.290001,35.639999,25.917938,3359300
2010-12-02,35.630001,35.820000,35.540001,35.660000,25.932480,5386000
2010-12-03,35.720001,35.880001,35.500000,35.610001,25.896130,3068200
2010-12-06,35.599998,35.599998,35.090000,35.230000,25.619781,5868400
2010-12-07,35.380001,35.439999,34.959999,35.040001,25.481606,7527700
2010-12-08,35.009998,35.529999,35.009998,35.430000,25.765221,3280900
2010-12-09,35.549999,35.790001,35.520000,35.669998,25.939751,4774800
2010-12-10,35.680000,35.860001,35.599998,35.700001,25.961565,3859800
2010-12-13,35.950001,36.000000,35.810001,35.980000,26.165194,4215600
2010-12-14,36.009998,36.470001,35.959999,36.439999,26.499704,5112800
2010-12-15,36.450001,36.599998,36.259998,36.380001,26.456074,4510500
2010-12-16,36.099998,36.779999,36.099998,36.590000,26.608793,7936800
2010-12-17,36.450001,36.450001,35.869999,36.380001,26.456074,8367900
2010-12-20,36.320000,36.360001,36.090000,36.290001,26.390633,3981800
2010-12-21,36.320000,36.389999,35.419998,35.430000,25.765221,7217600
2010-12-22,35.419998,35.669998,35.310001,35.610001,25.896130,3394700
2010-12-23,35.639999,35.910000,35.630001,35.740002,25.990662,1945600
2010-12-27,35.740002,35.849998,35.610001,35.680000,25.947027,1478100
2010-12-28,35.779999,35.810001,35.450001,35.590000,25.881577,2258300
2010-12-29,35.610001,35.680000,35.419998,35.419998,25.757948,2367800
2010-12-30,35.369999,35.560001,35.349998,35.500000,25.816128,1537000
2010-12-31,35.439999,35.900002,35.430000,35.590000,25.881577,2233500
2011-01-03,35.750000,35.959999,35.470001,35.500000,25.816128,4851800
2011-01-04,35.630001,35.720001,35.369999,35.689999,25.954290,5734600
2011-01-05,35.889999,36.680000,35.889999,36.619999,26.630600,10510500
2011-01-06,36.160000,36.389999,35.880001,35.959999,26.352133,5884000
2011-01-07,35.900002,36.009998,35.560001,35.619999,26.102972,4871800
2011-01-10,35.549999,36.060001,35.340000,35.840000,26.264193,5491300
2011-01-11,35.939999,36.200001,35.709999,36.060001,26.425415,4566700
2011-01-12,36.029999,36.759998,36.029999,36.660000,26.865112,5083400
2011-01-13,36.540001,36.630001,36.310001,36.330002,26.623281,3351500
2011-01-14,36.330002,36.529999,35.750000,35.799999,26.234888,5132900
2011-01-18,35.919998,36.000000,35.750000,35.849998,26.271524,4033900
2011-01-19,35.799999,36.000000,35.700001,35.919998,26.322823,4221100
2011-01-20,35.959999,37.230000,35.959999,37.119999,27.202208,8689000
2011-01-21,37.080002,37.169998,36.310001,36.480000,26.733204,6239500
2011-01-24,36.520000,36.770000,36.290001,36.380001,26.659920,4350600
2011-01-25,36.500000,36.580002,35.849998,35.990002,26.374125,5638900
2011-01-26,36.110001,36.110001,35.500000,35.669998,26.139616,4450200
2011-01-27,35.860001,35.860001,35.259998,35.389999,25.934439,4681800
2011-01-28,35.330002,35.490002,34.919998,34.939999,25.604666,5133700
2011-01-31,34.970001,35.060001,34.720001,34.779999,25.487410,3224100
2011-02-01,34.930000,35.020000,34.540001,34.599998,25.355499,5189600
2011-02-02,34.650002,34.939999,34.540001,34.660000,25.399473,5106300
2011-02-03,34.799999,35.049999,34.680000,34.959999,25.619314,7619200
2011-02-04,35.000000,35.630001,34.869999,35.549999,26.051682,4992100
2011-02-07,35.650002,35.709999,35.330002,35.369999,25.919767,5148100
2011-02-08,35.450001,35.750000,35.419998,35.750000,26.198246,3156000
2011-02-09,35.759998,35.930000,35.549999,35.820000,26.249538,3552300
2011-02-10,35.750000,35.919998,35.430000,35.660000,26.132288,4962500
2011-02-11,35.560001,35.930000,35.439999,35.910000,26.315493,4421500
2011-02-14,35.980000,36.139999,35.599998,36.110001,26.462061,3987200
2011-02-15,36.209999,36.209999,35.680000,35.750000,26.198246,4025900
2011-02-16,35.849998,35.950001,35.650002,35.900002,26.308168,3430300
2011-02-17,35.799999,36.200001,35.700001,36.110001,26.462061,3577300
2011-02-18,36.200001,36.209999,35.669998,36.099998,26.454731,4496200
2011-02-22,36.320000,36.919998,36.230000,36.759998,26.938381,6590900
2011-02-23,36.840000,37.270000,36.779999,37.200001,27.260834,9046700
2011-02-24,37.110001,37.310001,36.610001,36.639999,26.850452,5645200
2011-02-25,36.779999,37.160000,36.599998,37.139999,27.216858,3584000
2011-02-28,37.270000,37.450001,37.099998,37.139999,27.216858,4337100
2011-03-01,37.270000,37.270000,36.740002,36.790001,26.960377,4740500
2011-03-02,36.880001,37.000000,36.700001,36.840000,26.997023,3535700
2011-03-03,36.930000,36.990002,36.610001,36.849998,27.004337,4582600
2011-03-04,36.919998,37.250000,36.590000,36.759998,26.938381,3570400
2011-03-07,36.900002,36.990002,36.709999,36.790001,26.960377,2713800
2011-03-08,36.840000,37.299999,36.709999,37.279999,27.319460,2662200
2011-03-09,37.160000,37.480000,37.150002,37.450001,27.444031,2543000
2011-03-10,37.230000,37.459999,36.930000,37.040001,27.143576,3746400
2011-03-11,37.090000,37.380001,37.020000,37.310001,27.341438,2173100
2011-03-14,37.189999,37.220001,36.849998,36.919998,27.055645,2305500
2011-03-15,36.470001,36.680000,36.330002,36.549999,26.784494,3326500
2011-03-16,36.430000,36.570000,35.950001,36.049999,26.418091,3766600
2011-03-17,36.299999,36.439999,35.029999,36.130001,26.476719,8869100
2011-03-18,36.500000,36.980000,36.320000,36.650002,26.857784,5043200
2011-03-21,36.810001,37.209999,36.730000,37.119999,27.202208,3535000
2011-03-22,37.099998,37.230000,36.689999,36.910000,27.048302,3518200
2011-03-23,36.290001,36.599998,35.680000,36.240002,26.557325,7905000
2011-03-24,36.410000,36.700001,36.310001,36.549999,26.784494,3545000
2011-03-25,36.660000,36.910000,36.459999,36.500000,26.747860,3158600
2011-03-28,36.619999,36.759998,36.560001,36.570000,26.799150,2889500
2011-03-29,36.580002,36.650002,36.380001,36.599998,26.821136,2648000
2011-03-30,36.740002,36.900002,36.599998,36.750000,26.931065,2624100
2011-03-31,36.639999,36.790001,36.520000,36.549999,26.784494,2566600
2011-04-01,36.549999,36.689999,36.369999,36.389999,26.667248,3968200
2011-04-04,36.500000,36.619999,36.470001,36.540001,26.777170,3096200
2011-04-05,36.549999,36.689999,36.259998,36.320000,26.615950,3703400
2011-04-06,36.389999,36.630001,36.209999,36.470001,26.725876,5124100
2011-04-07,36.160000,36.349998,35.889999,35.990002,26.578182,4588400
2011-04-08,36.049999,36.439999,36.009998,36.209999,26.740637,4516500
2011-04-11,36.099998,36.770000,36.090000,36.500000,26.954805,3839400
2011-04-12,36.400002,36.740002,36.320000,36.590000,27.021269,3265100
2011-04-13,36.639999,36.869999,36.500000,36.590000,27.021269,2406300
2011-04-14,36.580002,37.090000,36.470001,37.049999,27.360971,3640500
2011-04-15,37.209999,37.380001,36.980000,37.349998,27.582516,4687200
2011-04-18,37.099998,37.500000,37.040001,37.180000,27.456972,3870900
2011-04-19,37.150002,37.549999,37.090000,37.549999,27.730223,3851400
2011-04-20,37.880001,38.169998,37.610001,38.009998,28.069912,7456400
2011-04-21,37.970001,37.990002,37.750000,37.910000,27.996067,3726200
2011-04-25,37.790001,38.389999,37.790001,38.209999,28.217617,5924500
2011-04-26,38.320000,38.500000,38.240002,38.490002,28.424391,4700000
2011-04-27,38.500000,38.580002,38.299999,38.529999,28.453939,3634900
2011-04-28,38.450001,38.630001,38.320000,38.500000,28.431778,3930800
2011-04-29,38.480000,38.750000,38.419998,38.580002,28.490854,3053900
2011-05-02,38.680000,39.099998,38.669998,38.930000,28.749327,6970300
2011-05-03,38.919998,39.320000,38.900002,39.279999,29.007793,4394400
2011-05-04,39.130001,39.240002,38.750000,38.810001,28.660723,3273400
2011-05-05,38.700001,38.750000,38.290001,38.410000,28.365324,3682700
2011-05-06,38.680000,38.950001,38.529999,38.669998,28.557322,2904900
2011-05-09,38.680000,38.779999,38.490002,38.709999,28.586870,3196500
2011-05-10,38.730000,39.099998,38.709999,39.000000,28.801025,2291800
2011-05-11,38.959999,39.119999,38.680000,38.799999,28.653328,2230200
2011-05-12,38.610001,39.509998,38.540001,39.509998,29.177654,4348800
2011-05-13,39.520000,39.770000,39.410000,39.720001,29.332733,4126500
2011-05-16,39.570000,39.740002,39.389999,39.610001,29.251501,3142400
2011-05-17,39.529999,39.900002,39.500000,39.869999,29.443510,4727700
2011-05-18,39.900002,39.910000,39.650002,39.889999,29.458275,4229300
2011-05-19,39.950001,39.970001,39.720001,39.950001,29.502590,3806900
2011-05-20,39.910000,40.000000,39.639999,39.720001,29.332733,3339500
2011-05-23,39.549999,39.840000,39.430000,39.759998,29.362280,2705600
2011-05-24,39.799999,39.799999,39.400002,39.560001,29.214581,2617200
2011-05-25,39.450001,39.450001,39.000000,39.180000,28.933960,3037900
2011-05-26,39.200001,39.230000,38.830002,39.130001,28.897032,3592200
2011-05-27,39.130001,39.389999,39.009998,39.290001,29.015179,1930300
2011-05-31,39.560001,39.779999,39.180000,39.770000,29.369663,3566600
2011-06-01,39.610001,39.630001,39.200001,39.220001,28.963495,2831300
2011-06-02,38.830002,39.209999,38.310001,38.450001,28.394855,4361800
2011-06-03,38.130001,38.180000,37.849998,37.939999,28.018217,3452700
2011-06-06,37.959999,38.119999,37.759998,37.810001,27.922230,4505300
2011-06-07,37.980000,38.060001,37.770000,37.849998,27.951761,2802900
2011-06-08,37.750000,38.000000,37.549999,37.930000,28.010849,2131200
2011-06-09,37.939999,38.320000,37.759998,38.060001,28.106846,2388000
2011-06-10,37.970001,38.090000,37.520000,37.560001,27.737600,2851000
2011-06-13,37.599998,38.220001,37.549999,38.090000,28.129002,2585900
2011-06-14,38.290001,38.330002,37.849998,38.279999,28.269312,3102600
2011-06-15,37.900002,38.139999,37.599998,37.730000,27.863144,2994000
2011-06-16,37.290001,37.959999,37.259998,37.880001,27.973915,4076300
2011-06-17,38.070000,38.349998,37.950001,37.950001,28.025608,4516600
2011-06-20,37.840000,38.400002,37.840000,38.330002,28.306238,2667000
2011-06-21,38.380001,38.630001,38.299999,38.330002,28.306238,4046700
2011-06-22,38.189999,38.320000,37.840000,37.930000,28.010849,3653100
2011-06-23,37.650002,37.650002,36.930000,37.189999,27.464361,7381000
2011-06-24,37.209999,37.389999,36.830002,36.849998,27.213266,7725000
2011-06-27,36.970001,37.320000,36.919998,37.250000,27.508669,5077700
2011-06-28,37.389999,37.500000,37.040001,37.209999,27.479132,6305200
2011-06-29,36.869999,37.810001,36.549999,37.380001,27.604683,9634400
2011-06-30,37.360001,37.509998,37.009998,37.220001,27.486523,6863600
2011-07-01,36.880001,37.400002,36.840000,37.349998,27.582516,4093900
2011-07-05,36.959999,37.240002,36.820000,37.160000,27.442205,3988000
2011-07-06,37.080002,37.330002,37.020000,37.299999,27.545591,3316600
2011-07-07,37.189999,37.250000,36.779999,37.009998,27.556757,5895000
2011-07-08,36.900002,37.000000,36.700001,36.810001,27.407843,4768100
2011-07-11,36.599998,36.930000,36.590000,36.860001,27.445080,4334100
2011-07-12,36.820000,37.209999,36.730000,37.049999,27.586542,4305500
2011-07-13,37.220001,37.270000,36.750000,36.880001,27.459970,4541100
2011-07-14,36.820000,37.669998,36.709999,37.360001,27.817364,8369000
2011-07-15,37.279999,37.759998,37.200001,37.750000,28.107748,8631000
2011-07-18,37.610001,37.639999,37.080002,37.400002,27.847143,4515400
2011-07-19,37.590000,37.919998,37.439999,37.810001,28.152428,6434700
2011-07-20,37.910000,37.980000,37.540001,37.730000,28.092855,3307100
2011-07-21,37.889999,38.000000,37.720001,37.849998,28.182205,4271600
2011-07-22,37.930000,37.990002,37.770000,37.820000,28.159864,2487000
2011-07-25,37.430000,37.919998,37.430000,37.709999,28.077965,3201200
2011-07-26,37.790001,37.889999,37.540001,37.799999,28.144987,3237400
2011-07-27,37.810001,37.959999,37.430000,37.520000,27.936491,5741000
2011-07-28,37.509998,37.799999,37.259998,37.290001,27.765245,2951900
2011-07-29,37.110001,37.650002,36.980000,37.349998,27.809917,4416800
2011-08-01,37.910000,37.910000,36.820000,37.110001,27.631208,3727200
2011-08-02,36.939999,37.009998,36.500000,36.500000,27.177027,4148400
2011-08-03,36.549999,36.709999,36.230000,36.709999,27.333393,4356000
2011-08-04,36.459999,37.119999,35.770000,35.799999,26.655825,7513200
2011-08-05,36.099998,36.779999,35.590000,36.480000,27.162140,8439600
2011-08-08,35.660000,36.560001,35.590000,35.610001,26.514364,11873200
2011-08-09,35.650002,36.080002,34.639999,36.009998,26.812185,9961500
2011-08-10,35.599998,35.880001,34.810001,34.950001,26.022942,9284900
2011-08-11,35.049999,36.150002,34.820000,35.779999,26.640934,7901000
2011-08-12,35.869999,36.250000,35.599998,36.169998,26.931318,5589000
2011-08-15,36.419998,36.610001,36.029999,36.610001,27.258932,3150400
2011-08-16,36.400002,36.830002,36.250000,36.669998,27.303602,5311300
2011-08-17,36.820000,37.070000,36.580002,36.730000,27.348278,3395200
2011-08-18,36.240002,36.740002,35.939999,36.299999,27.028114,6554300
2011-08-19,36.099998,36.590000,35.810001,35.810001,26.663280,6084000
2011-08-22,36.169998,36.360001,35.970001,36.209999,26.961094,4169400
2011-08-23,36.250000,36.750000,36.049999,36.750000,27.363173,4092400
2011-08-24,36.700001,37.080002,36.430000,36.990002,27.541872,3918200
2011-08-25,37.009998,37.130001,36.360001,36.590000,27.244041,4063400
2011-08-26,36.520000,36.820000,35.840000,36.680000,27.311054,3543400
2011-08-29,36.950001,37.549999,36.849998,37.549999,27.958828,3005400
2011-08-30,37.419998,37.900002,37.150002,37.660000,28.040733,3638800
2011-08-31,37.740002,38.090000,37.619999,37.910000,28.226881,4029300
2011-09-01,37.939999,38.180000,37.680000,37.709999,28.077965,3483100
2011-09-02,37.299999,37.740002,37.290001,37.410000,27.854595,2993900
2011-09-06,36.700001,37.099998,36.540001,36.889999,27.467419,4910100
2011-09-07,37.320000,37.619999,37.110001,37.560001,27.966272,3782300
2011-09-08,37.459999,38.189999,37.330002,37.900002,28.219437,4235300
2011-09-09,37.709999,37.759998,37.230000,37.520000,27.936491,6165200
2011-09-12,37.259998,37.490002,36.610001,37.200001,27.698229,5877800
2011-09-13,37.250000,37.279999,36.759998,36.970001,27.526974,5408900
2011-09-14,37.060001,37.459999,36.750000,37.189999,27.690783,6150100
2011-09-15,37.290001,37.910000,37.290001,37.799999,28.144987,4223300
2011-09-16,37.919998,38.189999,37.650002,37.700001,28.070515,7003600
2011-09-19,37.389999,37.669998,36.950001,37.540001,27.951385,3999100
2011-09-20,37.930000,38.029999,37.270000,37.490002,27.914158,4415300
2011-09-21,37.970001,39.560001,37.970001,38.439999,28.621506,12665900
2011-09-22,37.869999,39.799999,37.759998,39.500000,29.410763,19654500
2011-09-23,38.950001,39.200001,38.560001,38.869999,28.941673,9001300
2011-09-26,39.029999,39.580002,38.849998,39.480000,29.395863,5614600
2011-09-27,39.869999,39.880001,39.330002,39.450001,29.373541,7191000
2011-09-28,39.430000,39.639999,38.619999,38.639999,28.770424,5917900
2011-09-29,38.939999,39.169998,38.619999,38.910000,28.971458,5555100
2011-09-30,38.790001,39.169998,38.470001,38.490002,28.658737,5289100
2011-10-03,38.259998,38.610001,37.950001,37.959999,28.264107,5491000
2011-10-04,37.619999,38.080002,37.369999,38.040001,28.323675,7200000
2011-10-05,37.830002,37.970001,37.529999,37.939999,28.477535,4606800
2011-10-06,37.860001,38.220001,37.790001,38.169998,28.650187,4455000
2011-10-07,38.220001,39.000000,38.090000,38.750000,29.085522,5345100
2011-10-10,39.060001,39.340000,38.759998,39.310001,29.505869,3395400
2011-10-11,39.430000,40.250000,39.400002,39.919998,29.963730,8266500
2011-10-12,39.980000,40.099998,39.529999,39.779999,29.858644,5538000
2011-10-13,39.570000,39.650002,39.029999,39.320000,29.513374,3808600
2011-10-14,39.540001,39.820000,39.250000,39.660000,29.768585,3563900
2011-10-17,39.439999,39.720001,39.279999,39.360001,29.543390,3102400
2011-10-18,39.340000,39.930000,39.029999,39.740002,29.828617,4154300
2011-10-19,39.790001,39.950001,39.340000,39.450001,29.610956,3651600
2011-10-20,39.549999,39.790001,39.180000,39.369999,29.550900,4490500
2011-10-21,39.810001,40.009998,39.599998,39.790001,29.866146,4779100
2011-10-24,39.820000,39.900002,39.070000,39.099998,29.348234,5442900
2011-10-25,39.160000,39.330002,38.790001,38.820000,29.138073,4002300
2011-10-26,39.040001,39.099998,38.630001,38.990002,29.265673,3945000
2011-10-27,39.650002,39.770000,39.070000,39.290001,29.490847,5552400
2011-10-28,39.290001,39.450001,38.830002,39.130001,29.370756,4800500
2011-10-31,39.040001,39.180000,38.509998,38.529999,28.920399,4595500
2011-11-01,38.110001,38.529999,37.990002,38.310001,28.755270,5831800
2011-11-02,38.610001,38.669998,38.330002,38.590000,28.965433,3257700
2011-11-03,38.099998,39.000000,37.900002,38.959999,29.243149,4972800
2011-11-04,38.820000,38.860001,38.389999,38.669998,29.025480,3215400
2011-11-07,38.580002,39.419998,38.540001,39.360001,29.543390,3211600
2011-11-08,39.410000,39.560001,39.049999,39.500000,29.648483,3373100
2011-11-09,39.070000,39.209999,38.720001,38.820000,29.138073,3506800
2011-11-10,39.209999,39.299999,38.779999,39.160000,29.393267,2623700
2011-11-11,39.270000,39.680000,39.270000,39.560001,29.693510,1892000
2011-11-14,39.560001,39.610001,39.240002,39.279999,29.483334,2120500
2011-11-15,39.320000,39.669998,39.250000,39.599998,29.723532,2202100
2011-11-16,39.290001,39.330002,38.869999,38.910000,29.205624,3695300
2011-11-17,38.709999,39.060001,38.419998,38.619999,28.987949,3313300
2011-11-18,38.860001,39.000000,38.520000,38.549999,28.935411,4038100
2011-11-21,38.099998,38.500000,38.099998,38.369999,28.800301,3515700
2011-11-22,38.250000,38.630001,38.169998,38.470001,28.875368,2661600
2011-11-23,38.230000,38.320000,37.900002,37.959999,28.492558,3050700
2011-11-25,38.080002,38.389999,38.029999,38.230000,28.695225,1372700
2011-11-28,38.740002,38.900002,38.330002,38.500000,28.897879,3772500
2011-11-29,38.500000,39.290001,38.500000,39.060001,29.318220,4000100
2011-11-30,39.480000,39.950001,39.200001,39.950001,29.986240,4893400
2011-12-01,39.910000,40.060001,39.799999,39.900002,29.948715,4404900
2011-12-02,39.970001,40.040001,39.650002,39.959999,29.993753,3339500
2011-12-05,40.139999,40.500000,39.980000,40.209999,30.181404,3551500
2011-12-06,40.110001,40.630001,40.099998,40.450001,30.361542,4031000
2011-12-07,40.419998,40.720001,40.180000,40.560001,30.444113,3565900
2011-12-08,40.450001,40.560001,40.150002,40.240002,30.203907,3776200
2011-12-09,40.400002,40.540001,40.299999,40.419998,30.339027,2953700
2011-12-12,40.320000,40.529999,39.880001,40.090000,30.091331,3283300
2011-12-13,40.230000,40.310001,39.680000,39.790001,29.866146,4115800
2011-12-14,39.650002,39.950001,39.650002,39.730000,29.821108,2858800
2011-12-15,39.939999,40.110001,39.880001,39.959999,29.993753,3408900
2011-12-16,40.250000,40.250000,39.590000,39.720001,29.813606,5116000
2011-12-19,39.790001,40.009998,39.520000,39.590000,29.716022,3851500
2011-12-20,38.980000,39.380001,38.520000,39.270000,29.475843,8657700
2011-12-21,39.380001,40.169998,39.320000,40.160000,30.143877,4746000
2011-12-22,40.330002,40.529999,40.060001,40.310001,30.256460,3410500
2011-12-23,40.279999,40.610001,40.259998,40.570000,30.451605,2437100
2011-12-27,40.610001,40.799999,40.500000,40.610001,30.481634,1826600
2011-12-28,40.669998,40.689999,40.419998,40.439999,30.354031,1638100
2011-12-29,40.590000,40.700001,40.470001,40.660000,30.519165,2053400
2011-12-30,40.459999,40.540001,40.369999,40.410000,30.331516,1847600
2012-01-03,40.590000,40.700001,40.040001,40.299999,30.248959,4401000
2012-01-04,40.430000,40.590000,40.340000,40.540001,30.429098,3842100
2012-01-05,40.459999,40.750000,40.369999,40.720001,30.564203,4044700
2012-01-06,40.500000,40.540001,40.060001,40.070000,30.303284,3962400
2012-01-09,40.080002,40.150002,39.830002,40.000000,30.250362,2819600
2012-01-10,40.090000,40.380001,40.040001,40.330002,30.499928,3686300
2012-01-11,40.180000,40.490002,40.180000,40.419998,30.567987,3048700
2012-01-12,40.430000,40.700001,40.430000,40.639999,30.734364,2939700
2012-01-13,40.520000,40.750000,40.470001,40.639999,30.734364,3099100
2012-01-17,40.799999,41.060001,40.660000,40.770000,30.832672,2917400
2012-01-18,40.770000,41.049999,40.639999,41.049999,31.044432,3715300
2012-01-19,41.040001,41.049999,40.709999,40.950001,30.968800,1945000
2012-01-20,40.860001,40.880001,40.250000,40.669998,30.757040,3652900
2012-01-23,40.689999,40.689999,40.320000,40.630001,30.726799,2364100
2012-01-24,40.549999,40.549999,40.090000,40.099998,30.325985,3302800
2012-01-25,40.250000,40.660000,39.980000,40.619999,30.719231,3056800
2012-01-26,40.660000,40.810001,40.279999,40.389999,30.545282,2643800
2012-01-27,40.380001,40.470001,39.810001,40.029999,30.273035,2666600
2012-01-30,39.759998,39.970001,39.680000,39.860001,30.144482,2885100
2012-01-31,39.970001,40.049999,39.630001,39.830002,30.121790,2592400
2012-02-01,40.160000,40.389999,39.980000,40.020000,30.265480,3092600
2012-02-02,40.150002,40.240002,39.630001,39.930000,30.197412,4821600
2012-02-03,40.230000,40.410000,39.830002,39.849998,30.136913,4363700
2012-02-06,39.799999,39.970001,39.650002,39.669998,30.000790,3681200
2012-02-07,39.680000,39.810001,39.290001,39.389999,29.789028,5183100
2012-02-08,39.400002,39.500000,38.990002,39.020000,29.509218,6318700
2012-02-09,39.049999,39.220001,38.810001,39.080002,29.554592,5536700
2012-02-10,38.779999,39.090000,38.720001,39.090000,29.562157,3256500
2012-02-13,39.139999,39.520000,39.110001,39.340000,29.751213,4100400
2012-02-14,39.340000,39.880001,39.340000,39.799999,30.099100,5603900
2012-02-15,39.869999,40.000000,39.410000,39.610001,29.955412,4071200
2012-02-16,39.759998,39.919998,39.509998,39.779999,30.083979,3774300
2012-02-17,38.980000,39.259998,38.110001,38.340000,28.994959,14101900
2012-02-21,38.369999,38.490002,38.020000,38.230000,28.911779,5106000
2012-02-22,38.270000,38.680000,38.220001,38.660000,29.236969,6579300
2012-02-23,38.639999,39.299999,38.529999,38.630001,29.214275,5706100
2012-02-24,38.570000,38.720001,38.000000,38.150002,28.851276,9979200
2012-02-27,38.070000,38.160000,38.000000,38.040001,28.768087,7472200
2012-02-28,37.930000,38.110001,37.759998,38.090000,28.805901,7693300
2012-02-29,38.090000,38.520000,38.029999,38.310001,28.972279,4663900
2012-03-01,38.360001,38.419998,37.910000,38.169998,28.866400,6598400
2012-03-02,38.029999,38.389999,38.000000,38.189999,28.881517,5122500
2012-03-05,38.070000,38.880001,38.049999,38.599998,29.191593,5097800
2012-03-06,38.549999,38.669998,38.279999,38.360001,29.010088,3630400
2012-03-07,38.369999,38.560001,38.279999,38.459999,29.085712,4273700
2012-03-08,38.639999,38.680000,38.450001,38.470001,29.093281,3524900
2012-03-09,38.470001,38.680000,38.310001,38.580002,29.176462,3280400
2012-03-12,38.279999,38.660000,38.189999,38.509998,29.123535,3607200
2012-03-13,38.619999,38.660000,38.320000,38.590000,29.184027,4762100
2012-03-14,38.509998,38.709999,38.369999,38.500000,29.115961,3345600
2012-03-15,38.400002,38.709999,38.279999,38.689999,29.259657,3577900
2012-03-16,38.740002,39.330002,38.650002,38.830002,29.365530,5342700
2012-03-19,38.849998,38.950001,38.580002,38.720001,29.282335,3252800
2012-03-20,38.520000,38.840000,38.509998,38.759998,29.312597,4084700
2012-03-21,38.669998,38.689999,38.230000,38.580002,29.176462,5158500
2012-03-22,38.639999,38.680000,38.400002,38.610001,29.199156,3803400
2012-03-23,38.610001,38.919998,38.549999,38.849998,29.380651,3781800
2012-03-26,39.000000,39.349998,38.970001,39.240002,29.675596,5130400
2012-03-27,39.240002,39.369999,39.080002,39.110001,29.577284,3034200
2012-03-28,39.049999,39.169998,38.980000,39.150002,29.607540,2546100
2012-03-29,39.020000,39.200001,38.900002,39.119999,29.584845,3957000
2012-03-30,39.310001,39.590000,39.209999,39.450001,29.834421,5927200
2012-04-02,39.160000,39.709999,38.930000,39.619999,29.962980,5437900
2012-04-03,39.830002,39.900002,39.410000,39.639999,29.978094,5848900
2012-04-04,39.520000,39.799999,39.490002,39.689999,30.015911,5591700
2012-04-05,39.360001,39.369999,38.869999,39.000000,29.722504,6015400
2012-04-09,38.740002,38.919998,38.599998,38.709999,29.501484,2886900
2012-04-10,38.619999,38.709999,38.500000,38.509998,29.349070,3235600
2012-04-11,38.709999,38.830002,38.500000,38.570000,29.394783,2759500
2012-04-12,38.560001,38.759998,38.410000,38.759998,29.539595,3032700
2012-04-13,38.730000,38.950001,38.689999,38.700001,29.493868,3267400
2012-04-16,38.730000,38.840000,38.500000,38.740002,29.524351,3471400
2012-04-17,38.820000,39.169998,38.619999,39.119999,29.813951,3567500
2012-04-18,38.970001,39.209999,38.970001,39.110001,29.806335,3349500
2012-04-19,39.070000,39.139999,38.869999,39.020000,29.737736,3417000
2012-04-20,39.099998,39.169998,38.939999,38.939999,29.676762,3305700
2012-04-23,38.599998,38.779999,38.540001,38.610001,29.425278,4308000
2012-04-24,38.639999,39.009998,38.590000,38.639999,29.448139,3833100
2012-04-25,38.810001,38.970001,38.639999,38.799999,29.570070,2590700
2012-04-26,38.799999,39.020000,38.660000,38.900002,29.646299,2495600
2012-04-27,39.020000,39.090000,38.830002,38.930000,29.669147,2261900
2012-04-30,38.950001,38.980000,38.820000,38.889999,29.638664,2174000
2012-05-01,39.060001,39.150002,38.750000,38.930000,29.669147,2665900
2012-05-02,38.889999,38.939999,38.580002,38.689999,29.486246,2853200
2012-05-03,38.599998,38.730000,38.450001,38.470001,29.318581,3564300
2012-05-04,38.500000,38.669998,38.299999,38.320000,29.204262,3889000
2012-05-07,38.299999,38.639999,38.200001,38.529999,29.364296,3366800
2012-05-08,38.439999,38.880001,38.380001,38.820000,29.585314,4110700
2012-05-09,38.669998,39.150002,38.650002,38.910000,29.653896,4647800
2012-05-10,39.000000,39.369999,38.900002,39.250000,29.913033,3360800
2012-05-11,39.250000,39.529999,39.099998,39.270000,29.928274,2593500
2012-05-14,39.110001,39.279999,39.009998,39.160000,29.844433,3159800
2012-05-15,39.119999,39.639999,39.080002,39.580002,30.164526,6467700
2012-05-16,39.549999,39.720001,39.380001,39.639999,30.210257,5436200
2012-05-17,39.689999,39.700001,39.189999,39.189999,29.867300,3401900
2012-05-18,39.340000,39.349998,38.730000,38.950001,29.684397,5358900
2012-05-21,38.990002,39.009998,38.360001,38.549999,29.379545,4189400
2012-05-22,38.549999,38.639999,38.419998,38.580002,29.402409,3616800
2012-05-23,38.560001,38.630001,38.230000,38.590000,29.410028,3860000
2012-05-24,38.709999,39.020000,38.520000,38.980000,29.707249,4071700
2012-05-25,38.939999,39.130001,38.889999,39.080002,29.783474,3324800
2012-05-29,39.189999,39.259998,38.959999,39.070000,29.775845,3589200
2012-05-30,38.980000,39.310001,38.480000,38.520000,29.356684,5433300
2012-05-31,38.439999,38.529999,38.240002,38.279999,29.173771,4224300
2012-06-01,38.090000,38.220001,37.869999,37.900002,28.884176,4340200
2012-06-04,37.799999,37.919998,37.639999,37.840000,28.838440,3676700
2012-06-05,37.740002,37.860001,37.509998,37.799999,28.807966,2889300
2012-06-06,37.849998,37.990002,37.599998,37.930000,28.907042,6514700
2012-06-07,38.130001,38.320000,37.959999,38.020000,28.975630,5342900
2012-06-08,38.099998,38.209999,37.950001,38.200001,29.112803,3776100
2012-06-11,38.279999,38.380001,37.900002,37.910000,28.891790,4138500
2012-06-12,37.910000,38.049999,37.860001,37.939999,28.914648,4069500
2012-06-13,37.990002,38.119999,37.750000,38.029999,28.983244,4404100
2012-06-14,38.119999,38.259998,37.900002,38.090000,29.028973,3897400
2012-06-15,38.230000,38.540001,38.130001,38.459999,29.310955,4066000
2012-06-18,38.430000,38.750000,38.369999,38.650002,29.455759,2079400
2012-06-19,38.639999,38.919998,38.500000,38.799999,29.570070,3025100
2012-06-20,38.799999,38.939999,38.630001,38.720001,29.509109,3578200
2012-06-21,38.849998,38.959999,38.360001,38.360001,29.234739,3797100
2012-06-22,38.480000,38.580002,38.320000,38.439999,29.295708,2751600
2012-06-25,38.310001,38.529999,38.209999,38.430000,29.288094,4295500
2012-06-26,38.549999,38.549999,38.040001,38.150002,29.074696,4103100
2012-06-27,37.759998,37.869999,36.750000,37.549999,28.617430,8711700
2012-06-28,37.660000,37.860001,37.259998,37.799999,28.807966,6332700
2012-06-29,38.189999,38.540001,37.970001,38.540001,29.371927,5555200
2012-07-02,38.410000,39.000000,38.270000,38.980000,29.707249,4636300
2012-07-03,39.000000,39.180000,38.770000,39.020000,29.737736,2958800
2012-07-05,39.029999,39.220001,38.849998,39.040001,29.752972,4597500
2012-07-06,38.720001,38.840000,38.430000,38.759998,29.791420,3832200
2012-07-09,38.799999,38.820000,38.290001,38.459999,29.560831,4032000
2012-07-10,38.500000,38.720001,38.439999,38.650002,29.706871,4979100
2012-07-11,38.790001,39.330002,38.689999,39.130001,30.075794,6225100
2012-07-12,38.919998,39.090000,38.689999,38.820000,29.837536,4845500
2012-07-13,38.950001,39.099998,38.830002,39.040001,30.006617,4238500
2012-07-16,39.000000,39.090000,38.680000,38.770000,29.799099,3756500
2012-07-17,38.910000,38.919998,38.540001,38.849998,29.860592,4488100
2012-07-18,38.759998,39.049999,38.650002,39.009998,29.983570,3186600
2012-07-19,39.009998,39.060001,38.740002,38.980000,29.960503,3321000
2012-07-20,38.919998,38.919998,38.400002,38.779999,29.806786,5326000
2012-07-23,38.619999,38.619999,38.060001,38.209999,29.368677,4398500
2012-07-24,38.209999,38.240002,37.770000,37.910000,29.138092,3491300
2012-07-25,38.020000,38.139999,37.720001,37.959999,29.176529,3321700
2012-07-26,38.240002,38.400002,38.070000,38.189999,29.353302,3332900
2012-07-27,38.299999,38.610001,38.220001,38.520000,29.606949,5519600
2012-07-30,38.439999,38.849998,38.419998,38.740002,29.776047,3037300
2012-07-31,38.689999,38.830002,38.590000,38.700001,29.745298,3716700
2012-08-01,38.790001,38.950001,38.080002,38.430000,29.537773,6000200
2012-08-02,37.970001,38.240002,37.900002,38.020000,29.222645,5202400
2012-08-03,38.299999,38.770000,38.160000,38.520000,29.606949,4604500
2012-08-06,38.570000,38.810001,38.450001,38.490002,29.583879,4073400
2012-08-07,38.459999,38.500000,38.230000,38.340000,29.468597,3551000
2012-08-08,38.419998,38.610001,38.310001,38.400002,29.514713,4435700
2012-08-09,38.430000,38.610001,38.369999,38.529999,29.614630,2810900
2012-08-10,38.490002,38.669998,38.310001,38.630001,29.691490,2003800
2012-08-13,38.509998,38.619999,38.439999,38.500000,29.591570,2421300
2012-08-14,38.529999,38.590000,38.330002,38.419998,29.530079,2844900
2012-08-15,38.330002,38.470001,38.209999,38.349998,29.476290,3513500
2012-08-16,38.330002,38.500000,38.290001,38.490002,29.583879,5074100
2012-08-17,38.410000,38.500000,38.389999,38.500000,29.591570,3537300
2012-08-20,38.430000,38.840000,38.430000,38.810001,29.829851,3641600
2012-08-21,38.799999,38.820000,38.570000,38.630001,29.691490,3229300
2012-08-22,38.549999,38.630001,38.360001,38.459999,29.560831,2849000
2012-08-23,38.529999,38.540001,38.299999,38.330002,29.460909,2501400
2012-08-24,38.290001,39.090000,38.290001,39.040001,30.006617,5481100
2012-08-27,39.009998,39.549999,39.009998,39.410000,30.291004,5142400
2012-08-28,39.369999,39.689999,39.369999,39.439999,30.314062,3655200
2012-08-29,39.549999,39.759998,39.430000,39.570000,30.413992,4648300
2012-08-30,39.529999,39.590000,39.230000,39.340000,30.237202,2967200
2012-08-31,39.470001,39.470001,39.150002,39.330002,30.229525,3606100
2012-09-04,39.150002,39.380001,39.029999,39.330002,30.229525,4182800
2012-09-05,39.299999,39.299999,38.860001,38.990002,29.968201,3584000
2012-09-06,39.220001,39.349998,39.110001,39.320000,30.221832,4129100
2012-09-07,39.330002,39.480000,39.139999,39.240002,30.160353,4537200
2012-09-10,39.320000,39.430000,39.169998,39.290001,30.198786,3080900
2012-09-11,39.360001,39.389999,39.080002,39.290001,30.198786,4441900
2012-09-12,39.360001,39.500000,39.090000,39.299999,30.206459,3605500
2012-09-13,39.299999,39.490002,38.930000,39.459999,30.329439,4422500
2012-09-14,39.250000,39.250000,38.779999,38.889999,29.891331,6385200
2012-09-17,38.799999,39.139999,38.790001,38.959999,29.945139,4793100
2012-09-18,38.959999,39.400002,38.959999,39.310001,30.214159,7412600
2012-09-19,39.599998,40.240002,39.450001,40.020000,30.759869,10463700
2012-09-20,40.080002,40.759998,40.080002,40.439999,31.082674,6822800
2012-09-21,40.450001,40.520000,40.169998,40.299999,30.975075,6507800
2012-09-24,40.220001,40.340000,40.040001,40.230000,30.921268,2818700
2012-09-25,40.270000,40.340000,40.000000,40.110001,30.829050,4297300
2012-09-26,40.060001,40.220001,39.910000,39.950001,30.706064,3502700
2012-09-27,39.959999,40.080002,39.700001,39.889999,30.659948,3067700
2012-09-28,39.820000,39.900002,39.540001,39.849998,30.629198,3073300
2012-10-01,39.790001,40.160000,39.720001,39.970001,30.721439,3551000
2012-10-02,40.070000,40.250000,39.950001,40.119999,30.836723,3334500
2012-10-03,40.169998,40.259998,39.900002,40.169998,30.875153,2952800
2012-10-04,40.240002,40.369999,40.119999,40.320000,30.990448,2794500
2012-10-05,40.200001,40.310001,39.990002,40.049999,31.036945,3208500
2012-10-08,39.849998,40.070000,39.650002,39.810001,30.850954,2558000
2012-10-09,39.779999,39.930000,39.509998,39.509998,30.618471,3090900
2012-10-10,39.599998,39.849998,39.560001,39.580002,30.672718,2843800
2012-10-11,39.759998,39.820000,39.500000,39.500000,30.610722,3947100
2012-10-12,39.599998,39.630001,39.070000,39.189999,30.370485,3639700
2012-10-15,39.220001,39.419998,39.110001,39.299999,30.455729,3580700
2012-10-16,39.529999,39.860001,39.430000,39.700001,30.765717,3121500
2012-10-17,39.880001,40.209999,39.750000,40.070000,31.052446,2625000
2012-10-18,40.080002,40.619999,39.930000,40.500000,31.385677,4411400
2012-10-19,40.500000,40.520000,39.950001,39.990002,30.990452,3724700
2012-10-22,39.900002,39.959999,39.450001,39.820000,30.858711,2886200
2012-10-23,39.540001,39.660000,39.320000,39.480000,30.595226,2740200
2012-10-24,39.540001,39.779999,39.500000,39.580002,30.672718,3176700
2012-10-25,39.779999,39.910000,39.650002,39.910000,30.928457,3069700
2012-10-26,39.950001,39.970001,39.630001,39.849998,30.881956,3013500
2012-10-31,39.810001,40.090000,39.750000,40.080002,31.060202,5189400
2012-11-01,40.169998,40.299999,39.849998,40.180000,31.137690,3925700
2012-11-02,40.290001,40.349998,39.779999,39.810001,30.850954,3431900
2012-11-05,39.700001,39.869999,39.509998,39.770000,30.819960,4154800
2012-11-06,39.810001,40.040001,39.759998,39.799999,30.843216,3684300
2012-11-07,39.720001,39.980000,39.470001,39.720001,30.781216,3876300
2012-11-08,39.669998,39.669998,39.310001,39.310001,30.463480,3512100
2012-11-09,39.230000,39.660000,39.150002,39.369999,30.509979,2662100
2012-11-12,39.380001,39.410000,39.139999,39.200001,30.378237,2503000
2012-11-13,39.180000,39.580002,39.160000,39.349998,30.494473,3632800
2012-11-14,39.349998,40.299999,39.349998,39.860001,30.889704,7973500
2012-11-15,39.790001,40.000000,39.750000,39.869999,30.897457,5461800
2012-11-16,39.910000,39.970001,39.549999,39.790001,30.835457,4133000
2012-11-19,39.939999,40.459999,39.919998,40.459999,31.354681,4361600
2012-11-20,40.310001,40.490002,40.099998,40.419998,31.323671,3437400
2012-11-21,40.430000,40.470001,40.220001,40.459999,31.354681,2369900
2012-11-23,40.500000,40.770000,40.410000,40.770000,31.594915,1329400
2012-11-26,40.650002,40.689999,40.340000,40.450001,31.346935,2358200
2012-11-27,40.500000,40.889999,40.500000,40.619999,31.478666,2750900
2012-11-28,40.599998,40.779999,40.480000,40.650002,31.501917,3570800
2012-11-29,40.590000,40.889999,40.570000,40.799999,31.618160,3349100
2012-11-30,40.820000,40.990002,40.599998,40.990002,31.765408,4754900
2012-12-03,41.029999,41.029999,40.480000,40.480000,31.370174,3952600
2012-12-04,40.580002,40.750000,40.509998,40.630001,31.486408,3221600
2012-12-05,40.689999,40.990002,40.639999,40.950001,31.734411,3353400
2012-12-06,41.029999,41.029999,40.520000,40.730000,31.563908,2947300
2012-12-07,40.830002,40.950001,40.660000,40.939999,31.726650,3072200
2012-12-10,40.939999,41.009998,40.759998,41.000000,31.773161,3099300
2012-12-11,41.049999,41.490002,40.980000,41.389999,32.075375,4471400
2012-12-12,41.430000,41.459999,41.139999,41.279999,31.990135,3719900
2012-12-13,41.330002,41.619999,41.290001,41.490002,32.152882,3731700
2012-12-14,41.400002,41.520000,41.299999,41.450001,32.121883,3118900
2012-12-17,41.500000,41.730000,41.369999,41.730000,32.338875,4312200
2012-12-18,41.639999,41.770000,41.360001,41.770000,32.369865,5527000
2012-12-19,41.790001,41.880001,41.160000,41.270000,31.982389,5644900
2012-12-20,41.470001,41.650002,41.310001,41.570000,32.214882,3531400
2012-12-21,41.520000,41.650002,40.759998,41.099998,31.850649,5812700
2012-12-24,41.029999,41.160000,40.860001,41.000000,31.773161,1139300
2012-12-26,40.980000,41.070000,40.580002,40.700001,31.540674,2235100
2012-12-27,40.700001,40.790001,40.310001,40.580002,31.447678,2259700
2012-12-28,40.400002,40.549999,40.040001,40.060001,31.044697,3316700
2012-12-31,39.849998,40.459999,39.750000,40.419998,31.323671,4230900
2013-01-02,40.900002,41.320000,40.759998,41.320000,32.021137,3998000
2013-01-03,41.439999,41.490002,41.169998,41.340000,32.036636,4064900
2013-01-04,41.439999,41.869999,41.290001,41.770000,32.369865,4054700
2013-01-07,41.599998,41.750000,41.419998,41.599998,32.238129,4724300
2013-01-08,41.189999,41.380001,41.000000,41.270000,32.238125,4949100
2013-01-09,41.270000,41.369999,41.040001,41.230000,32.206882,2847500
2013-01-10,41.290001,41.599998,41.150002,41.599998,32.495914,3760400
2013-01-11,40.990002,41.150002,40.439999,40.619999,31.730368,7339100
2013-01-14,40.689999,41.080002,40.650002,40.930000,31.972546,3475300
2013-01-15,40.869999,40.910000,40.700001,40.820000,31.886616,3275200
2013-01-16,40.830002,41.020000,40.740002,40.840000,31.902227,3312400
2013-01-17,40.930000,41.310001,40.900002,41.150002,32.144394,3050200
2013-01-18,41.189999,41.369999,41.110001,41.369999,32.316242,2954500
2013-01-22,41.389999,41.599998,41.320000,41.490002,32.409981,2745300
2013-01-23,41.490002,41.599998,41.270000,41.509998,32.425594,2192500
2013-01-24,41.439999,41.830002,41.439999,41.700001,32.574020,2632200
2013-01-25,41.860001,41.869999,41.660000,41.750000,32.613079,2596900
2013-01-28,41.700001,41.820000,41.540001,41.740002,32.605274,2625500
2013-01-29,41.660000,42.009998,41.599998,41.970001,32.784931,2555000
2013-01-30,41.959999,42.180000,41.849998,42.040001,32.839615,3014000
2013-01-31,42.040001,42.240002,41.939999,41.939999,32.761497,3714700
2013-02-01,42.310001,42.450001,42.029999,42.130001,32.909904,2771400
2013-02-04,41.970001,42.119999,41.720001,41.750000,32.613079,2818000
2013-02-05,41.939999,42.330002,41.910000,42.130001,32.909904,3319700
2013-02-06,42.000000,42.360001,41.959999,42.360001,33.089584,3520700
2013-02-07,42.310001,42.610001,42.270000,42.470001,33.175510,2790500
2013-02-08,42.450001,42.660000,42.410000,42.599998,33.277054,2092000
2013-02-11,42.590000,42.669998,42.500000,42.669998,33.331741,2359600
2013-02-12,42.610001,42.990002,42.599998,42.970001,33.566082,3851700
2013-02-13,42.980000,43.090000,42.849998,42.980000,33.573887,3084900
2013-02-14,43.200001,44.520000,43.020000,44.310001,34.612835,11824000
2013-02-15,44.590000,44.619999,44.139999,44.590000,34.831547,6661400
2013-02-19,44.669998,45.439999,44.500000,45.430000,35.487713,6384900
2013-02-20,45.389999,45.730000,45.139999,45.470001,35.518963,5389200
2013-02-21,45.389999,45.450001,45.180000,45.330002,35.409595,3933800
2013-02-22,45.330002,45.669998,45.259998,45.669998,35.675190,3040900
2013-02-25,45.740002,46.009998,45.419998,45.419998,35.479897,4307400
2013-02-26,45.570000,46.029999,45.470001,46.009998,35.940784,5022800
2013-02-27,46.000000,46.369999,45.820000,46.279999,36.151699,2607700
2013-02-28,46.279999,46.470001,46.099998,46.250000,36.128265,3379400
2013-03-01,46.220001,46.529999,45.810001,46.389999,36.237621,5480000
2013-03-04,46.360001,46.490002,46.240002,46.450001,36.284481,4240500
2013-03-05,46.500000,46.689999,46.389999,46.490002,36.315731,4314000
2013-03-06,46.549999,46.720001,46.380001,46.430000,36.268867,3459200
2013-03-07,46.450001,46.689999,46.400002,46.459999,36.292309,3282000
2013-03-08,46.520000,46.619999,46.299999,46.330002,36.190750,3265300
2013-03-11,46.060001,46.200001,45.560001,45.700001,35.698627,6328800
2013-03-12,45.560001,46.349998,45.509998,46.270000,36.143879,4696000
2013-03-13,46.320000,46.500000,46.169998,46.480000,36.307926,3630000
2013-03-14,46.490002,46.529999,46.200001,46.419998,36.261059,3569700
2013-03-15,46.209999,46.400002,46.020000,46.240002,36.120449,5181400
2013-03-18,45.980000,46.459999,45.930000,46.330002,36.190750,3547000
2013-03-19,46.380001,46.500000,46.169998,46.419998,36.261059,4179600
2013-03-20,46.570000,48.020000,46.410000,47.610001,37.190617,9057800
2013-03-21,47.549999,48.310001,47.299999,47.860001,37.385918,7078500
2013-03-22,47.939999,48.290001,47.900002,48.150002,37.612453,3324800
2013-03-25,48.169998,48.639999,47.849998,48.080002,37.557766,3381800
2013-03-26,48.189999,48.630001,48.090000,48.630001,37.987400,3557300
2013-03-27,48.580002,48.950001,48.549999,48.790001,38.112389,3858500
2013-03-28,48.970001,49.369999,48.820000,49.310001,38.518593,4746600
2013-04-01,48.250000,48.980000,48.209999,48.680000,38.026459,4340200
2013-04-02,48.810001,49.139999,48.680000,48.810001,38.128017,3659600
2013-04-03,48.799999,48.799999,48.130001,48.270000,37.706181,4437000
2013-04-04,48.349998,49.049999,48.349998,49.020000,38.292053,5303300
2013-04-05,48.750000,48.849998,48.410000,48.740002,38.073326,3624400
2013-04-08,48.340000,48.700001,48.200001,48.700001,38.301411,3088600
2013-04-09,48.790001,48.950001,48.340000,48.689999,38.293541,2939000
2013-04-10,48.810001,49.169998,48.689999,49.029999,38.560944,3526200
2013-04-11,49.200001,49.580002,49.049999,49.250000,38.733971,3174100
2013-04-12,49.160000,49.410000,48.950001,49.349998,38.812607,2314700
2013-04-15,49.169998,49.480000,48.970001,49.060001,38.584538,4136300
2013-04-16,49.259998,49.880001,49.060001,49.860001,39.213715,3186000
2013-04-17,49.740002,49.849998,49.419998,49.540001,38.962040,3421200
2013-04-18,49.610001,49.910000,49.520000,49.860001,39.213715,3724600
2013-04-19,49.970001,50.520000,49.900002,50.340000,39.591225,4231600
2013-04-22,50.330002,50.529999,50.139999,50.450001,39.677734,1877200
2013-04-23,50.529999,50.900002,50.200001,50.680000,39.858620,3335800
2013-04-24,50.680000,50.779999,49.310001,49.340000,38.804749,5661900
2013-04-25,49.419998,49.680000,49.220001,49.389999,38.844070,3900700
2013-04-26,49.419998,49.820000,49.389999,49.680000,39.072147,2366500
2013-04-29,49.700001,50.299999,49.700001,50.209999,39.488987,2821800
2013-04-30,50.099998,50.419998,49.880001,50.419998,39.654140,2827100
2013-05-01,50.450001,50.750000,50.340000,50.400002,39.638424,3348400
2013-05-02,50.349998,50.590000,50.169998,50.450001,39.677734,2626300
2013-05-03,50.689999,50.869999,50.430000,50.720001,39.890087,2733100
2013-05-06,50.549999,50.610001,49.520000,49.590000,39.001369,4080400
2013-05-07,49.730000,50.759998,49.639999,50.759998,39.921551,4117400
2013-05-08,50.730000,50.840000,49.740002,49.939999,39.276634,4217300
2013-05-09,50.029999,50.130001,49.500000,49.630001,39.032833,3073300
2013-05-10,49.680000,49.980000,49.580002,49.910000,39.253044,2728300
2013-05-13,49.869999,50.299999,49.430000,50.090000,39.394611,3009000
2013-05-14,50.139999,50.709999,50.110001,50.630001,39.819309,3625000
2013-05-15,50.520000,50.970001,50.160000,50.930000,40.055252,2849500
2013-05-16,50.869999,50.970001,50.450001,50.470001,39.693478,2616800
2013-05-17,50.410000,50.529999,49.860001,50.360001,39.606953,3260500
2013-05-20,50.419998,50.639999,49.090000,49.130001,38.639587,5327000
2013-05-21,49.130001,49.520000,48.869999,49.360001,38.820484,4614300
2013-05-22,49.299999,49.790001,48.889999,49.029999,38.560944,4708200
2013-05-23,48.799999,48.970001,48.240002,48.849998,38.419380,3959800
2013-05-24,48.750000,48.980000,48.369999,48.980000,38.521618,2725000
2013-05-28,49.439999,49.490002,48.869999,49.110001,38.623859,2902500
2013-05-29,48.779999,49.150002,47.840000,48.180000,37.892437,4187800
2013-05-30,47.930000,48.279999,47.619999,47.840000,37.625034,3755400
2013-05-31,47.619999,47.810001,47.080002,47.080002,37.027313,6859300
2013-06-03,47.139999,47.500000,46.180000,47.500000,37.357643,6212600
2013-06-04,47.529999,48.049999,47.389999,47.869999,37.648636,3966400
2013-06-05,47.779999,47.790001,47.169998,47.189999,37.113823,3180400
2013-06-06,47.259998,47.480000,47.049999,47.400002,37.278984,3970200
2013-06-07,47.639999,48.130001,47.509998,48.080002,37.813789,3431900
2013-06-10,48.110001,48.200001,47.720001,48.200001,37.908169,2954600
2013-06-11,48.110001,48.730000,47.790001,48.330002,38.010414,3647300
2013-06-12,49.320000,49.320000,48.439999,48.459999,38.112648,3372200
2013-06-13,48.450001,49.070000,48.099998,49.020000,38.553085,2969800
2013-06-14,49.000000,49.529999,48.939999,49.290001,38.765423,3097800
2013-06-17,49.520000,49.970001,49.369999,49.799999,39.166523,3137000
2013-06-18,49.840000,49.990002,49.430000,49.910000,39.253044,2256100
2013-06-19,49.700001,50.020000,49.110001,49.180000,38.678917,3676400
2013-06-20,48.860001,49.119999,48.150002,48.209999,37.916027,4301000
2013-06-21,48.580002,48.840000,48.349998,48.639999,38.254219,4961100
2013-06-24,48.349998,48.820000,48.119999,48.320000,38.002544,4339000
2013-06-25,48.720001,49.020000,48.180000,48.330002,38.010414,3466600
2013-06-26,48.070000,48.250000,47.560001,48.099998,37.829517,5121000
2013-06-27,48.389999,48.750000,48.290001,48.340000,38.018276,4370600
2013-06-28,48.360001,48.840000,48.230000,48.529999,38.167706,5136500
2013-07-01,48.540001,49.130001,48.529999,48.790001,38.372192,2996800
2013-07-02,48.779999,49.310001,48.660000,49.169998,38.671043,3222800
2013-07-03,49.119999,49.209999,48.779999,48.950001,38.498028,2144900
2013-07-05,49.029999,49.270000,48.619999,49.029999,38.560944,2432800
2013-07-08,48.980000,49.520000,48.790001,49.299999,39.076138,3989300
2013-07-09,49.509998,49.730000,49.389999,49.529999,39.258442,3030200
2013-07-10,49.580002,50.000000,49.509998,49.910000,39.559647,3447900
2013-07-11,50.430000,51.130001,50.430000,51.029999,40.447369,3838000
2013-07-12,50.990002,51.400002,50.660000,51.090000,40.494923,3587300
2013-07-15,51.150002,51.580002,51.090000,51.220001,40.597969,2628000
2013-07-16,51.139999,51.290001,50.799999,51.150002,40.542492,2230500
2013-07-17,51.310001,51.410000,51.029999,51.139999,40.534569,2115400
2013-07-18,51.150002,51.490002,51.150002,51.259998,40.629684,2000100
2013-07-19,51.459999,51.799999,51.299999,51.680000,40.962589,2337600
2013-07-22,51.730000,51.830002,51.430000,51.529999,40.843689,1791000
2013-07-23,51.540001,51.669998,51.250000,51.459999,40.788208,2441600
2013-07-24,51.580002,51.590000,50.740002,51.060001,40.471153,3102100
2013-07-25,51.040001,51.500000,50.810001,51.430000,40.764435,1755900
2013-07-26,51.310001,51.529999,50.889999,51.509998,40.827831,2033900
2013-07-29,51.520000,51.980000,51.400002,51.830002,41.081482,2163300
2013-07-30,51.849998,52.380001,51.810001,51.889999,41.129028,2771500
2013-07-31,52.130001,52.279999,51.830002,52.000000,41.216209,3307200
2013-08-01,53.029999,53.070000,52.450001,52.730000,41.794827,4468900
2013-08-02,52.660000,52.660000,51.959999,52.349998,41.493633,3806100
2013-08-05,52.340000,52.689999,52.000000,52.570000,41.668011,2290700
2013-08-06,52.560001,52.779999,52.349998,52.610001,41.699715,2074600
2013-08-07,52.549999,52.660000,52.169998,52.439999,41.564968,1976100
2013-08-08,52.689999,52.849998,52.400002,52.669998,41.747272,1772900
2013-08-09,52.669998,52.700001,52.279999,52.419998,41.549126,1777000
2013-08-12,52.310001,52.610001,52.119999,52.490002,41.604595,1879100
2013-08-13,52.500000,52.770000,52.369999,52.419998,41.549126,2216600
2013-08-14,52.369999,52.500000,52.020000,52.049999,41.255852,2870100
2013-08-15,51.459999,51.560001,50.130001,50.549999,40.066914,5434800
2013-08-16,50.020000,50.099998,49.130001,49.380001,39.139553,5824000
2013-08-19,49.279999,49.660000,49.279999,49.500000,39.234680,2878000
2013-08-20,49.540001,49.740002,49.400002,49.400002,39.155407,3211300
2013-08-21,49.439999,49.580002,49.020000,49.070000,38.893833,3340600
2013-08-22,49.110001,49.540001,48.869999,49.299999,39.076138,2349000
2013-08-23,49.450001,49.930000,49.349998,49.820000,39.488312,2293100
2013-08-26,49.860001,49.950001,49.380001,49.380001,39.139553,3278000
2013-08-27,49.090000,49.490002,49.000000,49.139999,38.949329,3593000
2013-08-28,49.020000,49.189999,48.730000,48.740002,38.632275,2936700
2013-08-29,48.689999,49.439999,48.250000,49.209999,39.004822,3515400
2013-08-30,49.240002,49.369999,48.950001,49.320000,39.091999,3064300
2013-09-03,49.669998,49.799999,48.810001,49.189999,38.988949,3163800
2013-09-04,49.080002,49.290001,48.849998,49.099998,38.917614,3007600
2013-09-05,49.139999,49.139999,48.680000,49.099998,38.917614,3636300
2013-09-06,49.250000,49.500000,48.849998,49.189999,38.988949,2652600
2013-09-09,49.150002,49.430000,48.990002,49.060001,38.885918,3423700
2013-09-10,49.320000,49.480000,48.599998,48.709999,38.608494,5745700
2013-09-11,48.650002,48.959999,48.439999,48.799999,38.679825,6864400
2013-09-12,48.820000,48.939999,48.599998,48.880001,38.743240,9576800
2013-09-13,49.000000,49.250000,48.910000,49.250000,39.036514,2717700
2013-09-16,49.740002,50.070000,49.660000,49.730000,39.416973,3230800
2013-09-17,49.700001,50.070000,49.700001,49.779999,39.456600,2772400
2013-09-18,50.000000,50.360001,49.099998,50.150002,39.749870,5001500
2013-09-19,49.770000,49.770000,48.419998,48.830002,38.703617,5492400
2013-09-20,48.820000,48.830002,48.450001,48.660000,38.568871,5411900
2013-09-23,48.680000,48.730000,48.330002,48.639999,38.553013,2881600
2013-09-24,48.830002,49.099998,48.500000,48.849998,38.719471,3374800
2013-09-25,48.750000,48.869999,48.380001,48.380001,38.346928,3272200
2013-09-26,48.480000,48.639999,48.299999,48.520000,38.457901,1728900
2013-09-27,48.299999,48.400002,47.990002,48.080002,38.109146,2842600
2013-09-30,47.770000,47.930000,47.500000,47.919998,37.982334,3262800
2013-10-01,47.730000,48.000000,47.549999,47.980000,38.029884,3161000
2013-10-02,47.910000,48.009998,47.400002,48.009998,38.053665,3764900
2013-10-03,47.950001,47.990002,47.360001,47.630001,37.752480,3210800
2013-10-04,47.630001,48.000000,47.520000,47.950001,38.006107,2423800
2013-10-07,47.910000,48.240002,47.660000,47.990002,38.037823,3374200
2013-10-08,47.849998,47.849998,47.360001,47.410000,37.878025,4241400
2013-10-09,47.540001,47.970001,47.310001,47.680000,38.093739,3358900
2013-10-10,47.990002,48.450001,47.959999,48.450001,38.708927,3408600
2013-10-11,48.400002,48.480000,48.160000,48.349998,38.629036,1960000
2013-10-14,48.200001,48.459999,47.889999,48.340000,38.621040,2036600
2013-10-15,48.250000,48.400002,47.860001,47.910000,38.277493,1936900
2013-10-16,48.209999,48.799999,48.169998,48.770000,38.964600,2941400
2013-10-17,48.639999,49.070000,48.630001,48.970001,39.124378,2789500
2013-10-18,49.160000,49.310001,49.040001,49.189999,39.300140,2339800
2013-10-21,48.799999,49.040001,48.459999,48.970001,39.124378,3986100
2013-10-22,49.049999,49.820000,49.009998,49.650002,39.667667,2451100
2013-10-23,49.450001,50.230000,49.450001,50.020000,39.963276,2751200
2013-10-24,49.970001,50.110001,49.709999,49.910000,39.875381,1649400
2013-10-25,49.900002,50.070000,49.709999,50.060001,39.995235,1360800
2013-10-28,50.009998,50.980000,50.009998,50.700001,40.506557,3460300
2013-10-29,50.770000,51.119999,50.720001,51.060001,40.794182,1886500
2013-10-30,51.110001,51.110001,50.490002,50.639999,40.458618,2060900
2013-10-31,50.650002,50.799999,50.360001,50.419998,40.282848,2620900
2013-11-01,50.549999,50.750000,50.110001,50.320000,40.202953,3600600
2013-11-04,50.500000,50.750000,50.240002,50.459999,40.314808,1976200
2013-11-05,50.240002,50.770000,50.090000,50.700001,40.506557,2347400
2013-11-06,50.970001,51.250000,50.669998,51.150002,40.866085,1727200
2013-11-07,51.049999,51.240002,50.299999,50.400002,40.266884,2694000
2013-11-08,50.200001,50.540001,49.650002,50.540001,40.378723,2618000
2013-11-11,50.599998,50.820000,50.279999,50.450001,40.306820,1642500
2013-11-12,50.439999,50.480000,50.099998,50.459999,40.314808,1974200
2013-11-13,50.270000,50.889999,50.090000,50.880001,40.650364,2484600
2013-11-14,50.970001,51.570000,50.880001,51.529999,41.169685,2125100
2013-11-15,51.520000,51.660000,50.900002,51.310001,40.993904,2338000
2013-11-18,51.250000,51.320000,50.520000,50.950001,40.706287,3182100
2013-11-19,50.540001,50.580002,49.950001,50.380001,40.250893,4195400
2013-11-20,50.459999,50.459999,49.200001,49.240002,39.340096,5515700
2013-11-21,49.340000,49.689999,49.230000,49.419998,39.483902,2737700
2013-11-22,49.450001,50.220001,49.310001,50.119999,40.043163,3025500
2013-11-25,50.259998,50.410000,49.820000,49.880001,39.851421,2222500
2013-11-26,50.060001,50.680000,50.040001,50.480000,40.330780,4162900
2013-11-27,50.490002,50.610001,50.380001,50.529999,40.370735,1663000
2013-11-29,50.509998,50.919998,50.349998,50.430000,40.290844,1216100
2013-12-02,50.220001,50.430000,49.939999,50.259998,40.155014,1996400
2013-12-03,50.200001,50.599998,50.000000,50.599998,40.426662,2226600
2013-12-04,50.310001,50.939999,50.189999,50.709999,40.514542,2143100
2013-12-05,50.490002,50.669998,50.180000,50.259998,40.155014,2578400
2013-12-06,50.630001,51.509998,50.590000,51.500000,41.145714,3245200
2013-12-09,51.549999,51.959999,51.250000,51.439999,41.097775,2958200
2013-12-10,51.270000,51.299999,50.450001,50.730000,40.530521,2762200
2013-12-11,50.790001,50.930000,50.349998,50.590000,40.418678,3494100
2013-12-12,50.450001,50.459999,49.500000,49.570000,39.603748,4073200
2013-12-13,49.590000,49.910000,49.369999,49.639999,39.659676,2781900
2013-12-16,49.779999,50.119999,49.599998,49.910000,39.875381,3360200
2013-12-17,49.849998,50.130001,49.349998,49.580002,39.611736,3729000
2013-12-18,48.849998,49.750000,48.240002,49.730000,39.731579,7334500
2013-12-19,50.279999,50.279999,48.529999,49.360001,39.435974,5780700
2013-12-20,49.320000,49.560001,49.070000,49.299999,39.388035,5604800
2013-12-23,49.299999,49.450001,48.680000,49.160000,39.276176,3259100
2013-12-24,49.230000,49.500000,49.160000,49.279999,39.372055,1114600
2013-12-26,49.450001,49.740002,49.330002,49.700001,39.707611,2162900
2013-12-27,49.810001,50.110001,49.630001,49.840000,39.819458,1805500
2013-12-30,49.900002,50.000000,49.689999,49.959999,39.915333,2052100
2013-12-31,49.930000,50.009998,49.630001,49.910000,39.875381,1928800
2014-01-02,49.599998,49.680000,49.270000,49.400002,39.467930,2205500
2014-01-03,49.410000,49.560001,49.099998,49.259998,39.356071,2309700
2014-01-06,49.380001,49.599998,49.080002,49.340000,39.419983,3260200
2014-01-07,49.639999,49.939999,49.259998,49.849998,39.827450,4606800
2014-01-08,49.340000,49.419998,48.400002,48.570000,39.102882,5747800
2014-01-09,48.639999,49.070000,48.599998,49.000000,39.449062,4565600
2014-01-10,49.169998,49.310001,49.040001,49.290001,39.682529,2797700
2014-01-13,49.130001,49.470001,48.730000,48.810001,39.296101,2674600
2014-01-14,48.270000,49.020000,48.250000,48.799999,39.288033,4311800
2014-01-15,48.930000,48.950001,48.349998,48.400002,38.966019,3929400
2014-01-16,48.299999,48.730000,48.259998,48.520000,39.062622,3255100
2014-01-17,48.439999,48.599998,48.220001,48.279999,38.869396,3790700
2014-01-21,48.549999,48.799999,48.290001,48.540001,39.078735,3473800
2014-01-22,48.540001,48.980000,48.500000,48.770000,39.263905,2986500
2014-01-23,48.500000,48.830002,48.209999,48.709999,39.215591,3504100
2014-01-24,48.450001,49.110001,48.279999,48.279999,38.869396,4033200
2014-01-27,48.340000,48.790001,48.279999,48.529999,39.070675,3413400
2014-01-28,48.529999,49.130001,48.500000,48.959999,39.416862,3129000
2014-01-29,48.669998,48.709999,47.849998,47.939999,38.595673,5125700
2014-01-30,48.070000,48.660000,47.939999,48.570000,39.102882,3290600
2014-01-31,48.020000,48.369999,47.720001,48.020000,38.660088,3734200
2014-02-03,48.070000,48.070000,46.830002,46.860001,37.726192,4716800
2014-02-04,46.990002,47.290001,46.900002,47.090000,37.911354,2649200
2014-02-05,46.889999,47.459999,46.700001,47.360001,38.128727,3004400
2014-02-06,47.490002,47.750000,47.310001,47.660000,38.370251,3025100
2014-02-07,47.740002,48.130001,47.669998,48.049999,38.684235,2376800
2014-02-10,47.959999,48.349998,47.840000,48.310001,38.893562,1863000
2014-02-11,48.130001,49.000000,47.900002,48.930000,39.392704,3307000
2014-02-12,48.799999,49.110001,48.470001,48.529999,39.070675,2918400
2014-02-13,48.270000,49.270000,48.259998,49.189999,39.602028,2607400
2014-02-14,49.139999,49.950001,49.080002,49.889999,40.165581,3774600
2014-02-18,49.939999,49.939999,49.360001,49.680000,39.996521,2825900
2014-02-19,49.470001,49.650002,49.180000,49.270000,39.666435,2131600
2014-02-20,49.270000,49.939999,49.209999,49.779999,40.077023,2436000
2014-02-21,49.889999,50.090000,49.490002,49.509998,39.859657,2937200
2014-02-24,49.730000,50.060001,49.619999,49.849998,40.133392,2828300
2014-02-25,49.930000,50.270000,49.810001,50.049999,40.294407,2760400
2014-02-26,50.090000,50.290001,49.570000,49.660000,39.980419,2141600
2014-02-27,49.480000,49.830002,49.450001,49.779999,40.077023,2172300
2014-02-28,49.820000,50.320000,49.790001,50.029999,40.278301,3337200
2014-03-03,49.520000,50.009998,49.520000,49.860001,40.141441,3464600
2014-03-04,50.220001,50.759998,50.119999,50.740002,40.849911,3823600
2014-03-05,50.619999,50.910000,50.459999,50.639999,40.769390,2317300
2014-03-06,50.580002,50.840000,50.560001,50.669998,40.793549,1962100
2014-03-07,50.730000,50.840000,50.430000,50.799999,40.898212,1808600
2014-03-10,50.549999,50.570000,50.279999,50.450001,40.616432,2581800
2014-03-11,50.560001,50.840000,50.400002,50.740002,40.849911,2281100
2014-03-12,50.610001,51.400002,50.549999,51.349998,41.341007,2964600
2014-03-13,51.389999,51.669998,50.799999,51.009998,41.067268,3737200
2014-03-14,49.439999,50.320000,49.439999,49.770000,40.068977,5782700
2014-03-17,50.040001,50.529999,49.970001,50.430000,40.600323,3428800
2014-03-18,50.709999,50.990002,50.349998,50.709999,40.825756,3077500
2014-03-19,50.650002,51.400002,50.610001,50.740002,40.849911,3425700
2014-03-20,50.880001,51.290001,50.720001,51.049999,41.099483,3369600
2014-03-21,51.439999,51.700001,51.029999,51.029999,41.083374,6460100
2014-03-24,51.220001,51.439999,50.720001,50.720001,40.833809,3534500
2014-03-25,51.029999,51.250000,50.799999,51.080002,41.123642,3425200
2014-03-26,51.049999,51.209999,50.840000,51.099998,41.139732,4643700
2014-03-27,51.070000,51.360001,50.959999,51.080002,41.123642,4844200
2014-03-28,51.369999,51.520000,51.130001,51.299999,41.300758,1943100
2014-03-31,51.529999,52.000000,51.490002,51.820000,41.719406,2995600
2014-04-01,51.650002,51.889999,51.380001,51.779999,41.687191,2782200
2014-04-02,51.849998,51.860001,51.430000,51.619999,41.558388,2339700
2014-04-03,51.919998,52.330002,51.540001,52.230000,42.049484,3611400
2014-04-04,51.919998,52.020000,51.209999,51.250000,41.260502,4452200
2014-04-07,51.450001,52.299999,51.340000,51.849998,41.743553,5409100
2014-04-08,51.439999,51.540001,51.110001,51.279999,41.613716,4559300
2014-04-09,51.220001,51.410000,51.049999,51.270000,41.605602,3248000
2014-04-10,51.360001,52.040001,50.980000,51.000000,41.386494,4626400
2014-04-11,51.020000,51.540001,50.970001,51.150002,41.508221,4236400
2014-04-14,51.470001,51.549999,51.040001,51.299999,41.629944,2618200
2014-04-15,51.340000,51.430000,51.049999,51.250000,41.589371,4045300
2014-04-16,51.560001,52.400002,51.480000,52.259998,42.408974,3755700
2014-04-17,52.230000,52.250000,51.849998,52.090000,42.271030,2648800
2014-04-21,52.070000,52.490002,51.919998,52.299999,42.441429,2039100
2014-04-22,52.160000,52.400002,52.020000,52.189999,42.352173,2163100
2014-04-23,52.230000,52.650002,52.130001,52.369999,42.498249,2660800
2014-04-24,52.330002,52.540001,52.240002,52.430000,42.546940,2290600
2014-04-25,52.430000,52.669998,52.139999,52.290001,42.433334,2205000
2014-04-28,52.580002,53.320000,52.509998,53.169998,43.147446,3315500
2014-04-29,53.270000,53.389999,52.770000,52.810001,42.855305,2055600
2014-04-30,52.779999,53.090000,52.750000,53.020000,43.025719,2273400
2014-05-01,53.220001,53.250000,52.459999,52.680000,42.749813,2115300
2014-05-02,52.540001,52.889999,52.470001,52.750000,42.806618,1943300
2014-05-05,52.580002,53.060001,52.450001,53.009998,43.017605,1773700
2014-05-06,52.990002,53.340000,52.840000,52.860001,42.895878,2309100
2014-05-07,53.070000,53.639999,53.040001,53.540001,43.447697,2637700
2014-05-08,53.439999,53.689999,53.320000,53.669998,43.553192,2208800
2014-05-09,53.660000,54.450001,53.590000,54.400002,44.145603,3889000
2014-05-12,54.549999,54.779999,54.080002,54.259998,44.031975,2748200
2014-05-13,54.259998,54.500000,54.230000,54.369999,44.121243,1788100
2014-05-14,54.400002,54.419998,54.009998,54.099998,43.902138,1480600
2014-05-15,53.980000,54.180000,53.320000,53.410000,43.342209,3143200
2014-05-16,53.320000,53.840000,53.320000,53.810001,43.666809,2657400
2014-05-19,53.560001,53.820000,53.439999,53.720001,43.593773,1241400
2014-05-20,53.700001,53.700001,53.270000,53.480000,43.399017,2100900
2014-05-21,53.500000,53.560001,53.160000,53.480000,43.399017,1842700
2014-05-22,53.500000,53.799999,53.310001,53.740002,43.610001,1694000
2014-05-23,53.750000,53.910000,53.740002,53.810001,43.666809,1317100
2014-05-27,53.959999,54.279999,53.930000,54.240002,44.015751,2210000
2014-05-28,54.349998,54.369999,54.200001,54.240002,44.015751,1899900
2014-05-29,54.389999,54.709999,54.160000,54.700001,44.389042,1674500
2014-05-30,54.509998,54.980000,54.509998,54.930000,44.575684,2516300
2014-06-02,54.869999,55.060001,54.750000,54.910000,44.559460,1883300
2014-06-03,54.599998,55.070000,54.599998,55.049999,44.673061,2100500
2014-06-04,54.900002,55.570000,54.900002,55.560001,45.086933,2405100
2014-06-05,55.480000,55.639999,55.270000,55.340000,44.908405,1776000
2014-06-06,55.299999,55.450001,55.209999,55.410000,44.965210,1580200
2014-06-09,55.410000,55.630001,55.090000,55.169998,44.770447,1815800
2014-06-10,55.070000,55.279999,54.939999,55.160000,44.762341,1772200
2014-06-11,55.139999,55.240002,54.650002,54.750000,44.429619,1559600
2014-06-12,54.509998,54.750000,54.009998,54.200001,43.983295,2276700
2014-06-13,54.259998,54.450001,54.090000,54.310001,44.072559,2414400
2014-06-16,54.310001,54.310001,54.119999,54.209999,43.991413,2468400
2014-06-17,54.310001,54.410000,54.189999,54.290001,44.056328,2379800
2014-06-18,54.060001,54.709999,54.000000,54.680000,44.372807,3641600
2014-06-19,54.549999,54.840000,54.490002,54.840000,44.502655,2506200
2014-06-20,54.980000,55.060001,54.540001,54.639999,44.340343,4096900
2014-06-23,54.639999,54.669998,54.200001,54.270000,44.040096,2761200
2014-06-24,54.160000,54.169998,53.700001,53.700001,43.577538,4624000
2014-06-25,51.799999,52.259998,51.500000,51.759998,42.003231,8822200
2014-06-26,51.869999,52.220001,51.689999,52.029999,42.222343,5677200
2014-06-27,52.000000,52.369999,51.830002,52.310001,42.449554,4480000
2014-06-30,52.250000,52.840000,52.080002,52.540001,42.636200,4011100
2014-07-01,52.180000,53.119999,52.180000,52.900002,42.928337,3924100
2014-07-02,52.889999,53.139999,52.799999,53.009998,43.017605,2465300
2014-07-03,53.360001,53.520000,53.049999,53.049999,43.050072,2975100
2014-07-07,53.099998,53.650002,53.099998,53.419998,43.350323,2934100
2014-07-08,53.000000,53.419998,52.730000,53.099998,43.423916,4049900
2014-07-09,53.330002,53.430000,53.029999,53.259998,43.554760,2711900
2014-07-10,52.900002,53.259998,52.730000,53.020000,43.358498,2737800
2014-07-11,53.080002,53.080002,52.740002,52.910000,43.268543,2053400
2014-07-14,53.119999,53.270000,52.980000,53.040001,43.374851,2280200
2014-07-15,53.009998,53.110001,52.889999,52.930000,43.284908,2430200
2014-07-16,52.980000,53.119999,52.709999,53.080002,43.407574,2831200
2014-07-17,53.000000,53.169998,52.770000,52.779999,43.162235,2609500
2014-07-18,53.020000,53.259998,52.810001,53.060001,43.391209,2869700
2014-07-21,52.939999,53.090000,52.770000,52.860001,43.227654,1699300
2014-07-22,52.759998,53.099998,52.720001,52.950001,43.301262,1770100
2014-07-23,52.950001,53.110001,52.820000,52.900002,43.260361,2213300
2014-07-24,52.959999,53.080002,52.880001,52.950001,43.301262,2051400
2014-07-25,52.919998,52.990002,52.630001,52.810001,43.186764,1665300
2014-07-28,52.790001,53.150002,52.790001,52.869999,43.235836,1900000
2014-07-29,52.810001,53.130001,52.509998,52.509998,42.941433,1966900
2014-07-30,52.580002,52.700001,51.619999,51.650002,42.238148,3684900
2014-07-31,51.349998,51.400002,50.139999,50.150002,41.011482,5499600
2014-08-01,50.279999,51.090000,50.240002,50.930000,41.649349,4714400
2014-08-04,51.090000,51.299999,50.860001,51.290001,41.943748,2926900
2014-08-05,51.240002,51.240002,50.790001,50.880001,41.608463,2969400
2014-08-06,50.820000,51.779999,50.709999,51.720001,42.295391,3270600
2014-08-07,51.349998,51.919998,51.169998,51.279999,41.935570,1872200
2014-08-08,51.369999,51.990002,51.250000,51.970001,42.499832,2113000
2014-08-11,52.020000,52.720001,52.020000,52.439999,42.884186,2422600
2014-08-12,52.250000,52.570000,52.169998,52.480000,42.916901,1908500
2014-08-13,52.689999,52.700001,52.400002,52.549999,42.974144,1607700
2014-08-14,52.500000,52.779999,52.480000,52.779999,43.162235,1696700
2014-08-15,52.930000,53.150002,52.369999,52.660000,43.064098,1973200
2014-08-18,52.930000,53.040001,52.720001,52.990002,43.333965,2166900
2014-08-19,53.000000,53.299999,52.770000,53.230000,43.530235,1637400
2014-08-20,53.049999,53.520000,52.910000,53.419998,43.685608,1662000
2014-08-21,53.500000,53.650002,53.189999,53.220001,43.522053,2389600
2014-08-22,53.240002,53.369999,52.630001,52.709999,43.104980,3286400
2014-08-25,53.099998,53.150002,52.740002,52.849998,43.219475,2269700
2014-08-26,53.160000,53.270000,52.889999,52.980000,43.325794,2242800
2014-08-27,52.910000,53.270000,52.910000,53.259998,43.554760,1532600
2014-08-28,53.080002,53.290001,53.060001,53.189999,43.497524,1380400
2014-08-29,53.200001,53.430000,53.180000,53.380001,43.652908,2313700
2014-09-02,53.400002,53.740002,53.240002,53.360001,43.636551,2045600
2014-09-03,53.580002,53.650002,53.360001,53.540001,43.783737,2191300
2014-09-04,53.560001,53.779999,53.349998,53.480000,43.734680,1882200
2014-09-05,53.450001,53.840000,53.240002,53.820000,44.012722,1959800
2014-09-08,53.540001,53.830002,53.470001,53.509998,43.759212,1365700
2014-09-09,53.330002,53.669998,53.139999,53.169998,43.481167,3897200
2014-09-10,53.110001,53.290001,52.830002,53.230000,43.530235,2233300
2014-09-11,53.189999,53.279999,52.950001,53.270000,43.562950,2113300
2014-09-12,53.169998,53.279999,52.660000,52.790001,43.170410,1951800
2014-09-15,52.880001,53.230000,52.599998,53.180000,43.489346,2209300
2014-09-16,53.180000,53.560001,53.020000,53.180000,43.489346,3174700
2014-09-17,52.040001,52.290001,50.560001,50.830002,41.567574,11820900
2014-09-18,50.840000,51.380001,50.340000,51.220001,41.886494,7498600
2014-09-19,51.450001,51.450001,51.090000,51.279999,41.935570,4140100
2014-09-22,51.200001,51.279999,50.740002,50.750000,41.502155,3550500
2014-09-23,50.560001,50.660000,50.389999,50.410000,41.224110,4522800
2014-09-24,50.500000,50.840000,50.430000,50.450001,41.256817,5138300
2014-09-25,50.490002,50.490002,49.930000,50.119999,40.986958,4126500
2014-09-26,50.119999,50.430000,49.860001,50.279999,41.117794,3002400
2014-09-29,50.090000,50.790001,50.040001,50.630001,41.404018,2691400
2014-09-30,50.459999,50.700001,50.299999,50.450001,41.256817,2822800
2014-10-01,49.709999,50.090000,49.599998,49.980000,40.872459,3788400
2014-10-02,49.980000,50.230000,49.830002,50.139999,41.003311,3471900
2014-10-03,50.410000,50.639999,50.220001,50.470001,41.273186,2383700
2014-10-06,50.610001,50.730000,50.230000,50.590000,41.371307,2866300
2014-10-07,50.410000,50.689999,50.180000,50.180000,41.036018,3305600
2014-10-08,49.799999,50.209999,49.619999,50.150002,41.349331,3417500
2014-10-09,50.180000,50.630001,49.889999,49.889999,41.134956,3548000
2014-10-10,49.889999,50.509998,49.770000,49.810001,41.068989,3800300
2014-10-13,50.029999,50.040001,49.259998,49.279999,40.632008,2955900
2014-10-14,49.419998,49.980000,49.299999,49.520000,40.829887,2621100
2014-10-15,49.169998,49.419998,48.320000,49.110001,40.491848,4586100
2014-10-16,48.430000,49.160000,48.400002,48.860001,40.285709,3742000
2014-10-17,49.330002,49.580002,49.029999,49.290001,40.640244,3005500
2014-10-20,49.299999,50.049999,49.250000,49.919998,41.159691,2614300
2014-10-21,50.220001,50.490002,49.900002,50.459999,41.604939,3401400
2014-10-22,50.619999,50.919998,50.520000,50.599998,41.720364,2170100
2014-10-23,50.830002,50.900002,50.450001,50.509998,41.646149,1709700
2014-10-24,50.540001,51.040001,50.540001,51.029999,42.074890,1744800
2014-10-27,51.000000,51.450001,50.840000,51.160000,42.182083,1366300
2014-10-28,51.439999,51.439999,51.029999,51.380001,42.363487,1370600
2014-10-29,51.419998,51.450001,50.400002,50.900002,41.967724,2920300
2014-10-30,50.650002,51.560001,50.599998,51.450001,42.421196,2055500
2014-10-31,51.910000,52.000000,51.660000,51.959999,42.841702,2666300
2014-11-03,52.000000,52.730000,51.889999,52.660000,43.418858,3457700
2014-11-04,52.720001,52.959999,52.590000,52.860001,43.583759,3903800
2014-11-05,53.130001,53.439999,52.919998,53.169998,43.839359,2398200
2014-11-06,53.209999,53.320000,52.770000,53.270000,43.921818,1962600
2014-11-07,51.459999,52.130001,51.099998,51.360001,42.346992,6440300
2014-11-10,51.299999,51.299999,50.430000,50.869999,41.942974,4397400
2014-11-11,50.830002,51.150002,50.669998,50.970001,42.025429,2570600
2014-11-12,50.599998,51.080002,50.529999,50.959999,42.017185,2615800
2014-11-13,51.110001,51.169998,50.610001,51.000000,42.050167,3048200
2014-11-14,50.990002,51.040001,50.639999,50.820000,41.901752,2814100
2014-11-17,50.820000,51.439999,50.799999,51.349998,42.338745,2196300
2014-11-18,51.419998,51.720001,51.259998,51.590000,42.536629,2215300
2014-11-19,51.400002,51.959999,51.369999,51.919998,42.808720,1920600
2014-11-20,51.820000,51.849998,51.549999,51.639999,42.577858,1540100
2014-11-21,52.230000,52.230000,51.599998,51.849998,42.751003,2508700
2014-11-24,51.790001,51.990002,51.369999,51.500000,42.462433,2213600
2014-11-25,51.500000,51.849998,51.389999,51.650002,42.586102,3555200
2014-11-26,51.720001,51.889999,51.639999,51.849998,42.751003,1355500
2014-11-28,52.130001,52.860001,52.000000,52.750000,43.493069,1664500
2014-12-01,52.529999,52.759998,52.220001,52.630001,43.394119,2183900
2014-12-02,52.790001,53.130001,52.669998,53.049999,43.740421,3093400
2014-12-03,52.900002,53.450001,52.660000,53.040001,43.732170,4708000
2014-12-04,52.950001,53.189999,52.740002,53.000000,43.699196,2933100
2014-12-05,53.000000,53.230000,52.869999,53.119999,43.798134,2579300
2014-12-08,52.910000,53.240002,52.610001,52.930000,43.641487,2878600
2014-12-09,52.590000,52.810001,52.110001,52.279999,43.105541,2956600
2014-12-10,52.509998,52.529999,51.950001,51.990002,42.866444,2518700
2014-12-11,52.090000,52.700001,52.029999,52.480000,43.270447,4118200
2014-12-12,52.060001,52.549999,52.009998,52.099998,42.957127,4610000
2014-12-15,52.160000,52.349998,51.230000,51.470001,42.437691,3319100
2014-12-16,51.430000,52.450001,51.080002,51.130001,42.157356,3904700
2014-12-17,51.529999,52.410000,51.400002,52.189999,43.031338,4644500
2014-12-18,52.500000,53.529999,52.459999,53.509998,44.119698,4622100
2014-12-19,53.500000,53.980000,53.259998,53.810001,44.367054,4901900
2014-12-22,53.950001,54.389999,53.820000,54.380001,44.837021,2552400
2014-12-23,54.560001,54.610001,54.230000,54.410000,44.861752,2340700
2014-12-24,54.340000,54.560001,54.240002,54.310001,44.779305,1214500
2014-12-26,54.340000,54.580002,54.259998,54.380001,44.837021,1053800
2014-12-29,54.220001,54.450001,54.119999,54.310001,44.779305,1486500
2014-12-30,54.299999,54.599998,54.240002,54.349998,44.812290,1361600
2014-12-31,54.189999,54.270000,53.240002,53.330002,43.971294,2516700
2015-01-02,53.099998,53.599998,52.799999,53.110001,43.789894,2165000
2015-01-05,52.270000,52.689999,52.060001,52.150002,42.998356,4149500
2015-01-06,52.439999,52.619999,51.900002,52.020000,42.891171,3036200
2015-01-07,52.450001,53.259998,52.369999,53.119999,43.798134,3204200
2015-01-08,53.090000,53.660000,52.970001,53.570000,44.512730,3998400
2015-01-09,53.590000,53.680000,52.799999,53.029999,44.064037,2051900
2015-01-12,52.880001,53.180000,52.520000,52.650002,43.748280,2009400
2015-01-13,53.029999,53.270000,52.470001,52.709999,43.798130,2967600
2015-01-14,52.419998,52.990002,52.299999,52.919998,43.972630,4427800
2015-01-15,53.180000,53.919998,52.810001,53.450001,44.413017,4532100
2015-01-16,53.320000,53.549999,53.029999,53.410000,44.379787,4273100
2015-01-20,53.610001,54.549999,53.220001,54.400002,45.202408,5217700
2015-01-21,54.099998,54.480000,53.880001,54.080002,44.936504,3565500
2015-01-22,54.410000,54.799999,53.900002,54.779999,45.518147,2986200
2015-01-23,54.680000,54.720001,54.240002,54.560001,45.335358,2998800
2015-01-26,54.500000,54.970001,54.279999,54.950001,45.659424,3717200
2015-01-27,54.360001,55.470001,54.270000,55.110001,45.792362,4819600
2015-01-28,55.240002,55.590000,54.020000,54.080002,44.936504,3116500
2015-01-29,53.599998,53.730000,52.860001,53.630001,44.562588,4450100
2015-01-30,53.189999,53.400002,52.419998,52.480000,43.607025,3919500
2015-02-02,52.650002,53.099998,51.900002,53.070000,44.097271,3631400
2015-02-03,53.450001,53.500000,52.830002,53.259998,44.255142,2632400
2015-02-04,53.279999,53.660000,53.060001,53.220001,44.221905,2434800
2015-02-05,53.270000,53.450001,53.110001,53.400002,44.371471,1948800
2015-02-06,53.259998,53.459999,52.990002,53.160000,44.172047,1997100
2015-02-09,53.060001,53.230000,52.820000,53.000000,44.039097,3168100
2015-02-10,53.099998,53.410000,52.840000,53.230000,44.230213,2529900
2015-02-11,53.369999,53.529999,52.770000,53.160000,44.172047,2523600
2015-02-12,52.549999,52.959999,52.410000,52.930000,43.980942,3115600
2015-02-13,52.660000,52.660000,51.950001,52.480000,43.607025,3464700
2015-02-17,52.330002,52.520000,52.000000,52.340000,43.490696,3534100
2015-02-18,52.340000,52.959999,52.330002,52.880001,43.939392,2572900
2015-02-19,52.880001,53.639999,52.750000,53.450001,44.413017,3431700
2015-02-20,53.410000,53.570000,53.029999,53.470001,44.429646,3113000
2015-02-23,53.380001,53.549999,53.259998,53.490002,44.446262,1747200
2015-02-24,53.369999,53.500000,53.020000,53.419998,44.388088,2463500
2015-02-25,53.360001,53.660000,53.320000,53.540001,44.487801,1824200
2015-02-26,53.630001,53.630001,53.360001,53.419998,44.388088,2099100
2015-02-27,53.450001,53.840000,53.330002,53.790001,44.695541,3038300
2015-03-02,53.610001,53.759998,53.330002,53.500000,44.454567,1518900
2015-03-03,53.410000,53.500000,53.049999,53.480000,44.437954,1690700
2015-03-04,53.340000,53.439999,52.970001,53.209999,44.213600,1993300
2015-03-05,53.349998,53.349998,52.919998,53.279999,44.271763,1600700
2015-03-06,52.939999,52.950001,51.939999,52.130001,43.316200,3430900
2015-03-09,52.090000,52.660000,51.939999,52.500000,43.623646,2170100
2015-03-10,52.209999,52.310001,51.790001,51.790001,43.033688,2280200
2015-03-11,51.959999,52.099998,51.430000,51.700001,42.958897,2545100
2015-03-12,51.880001,52.700001,51.869999,52.619999,43.723358,2501100
2015-03-13,52.470001,52.549999,51.770000,52.150002,43.332813,2240100
2015-03-16,52.340000,52.610001,52.090000,52.410000,43.548855,2811800
2015-03-17,52.220001,52.220001,51.799999,52.049999,43.249722,2854500
2015-03-18,51.889999,53.150002,51.450001,52.860001,43.922771,5122800
2015-03-19,52.730000,53.169998,52.509998,52.540001,43.656879,2496000
2015-03-20,52.830002,53.730000,52.770000,53.450001,44.413017,4070100
2015-03-23,53.450001,54.070000,53.400002,53.740002,44.653988,2623000
2015-03-24,53.880001,54.099998,53.180000,53.200001,44.205288,2854600
2015-03-25,53.770000,54.830002,53.330002,53.740002,44.653988,6753300
2015-03-26,53.529999,54.040001,53.509998,53.939999,44.820168,5693100
2015-03-27,53.910000,55.000000,53.860001,54.990002,45.692646,4990800
2015-03-30,55.029999,56.380001,54.730000,56.349998,46.822708,7165900
2015-03-31,56.220001,57.250000,56.160000,56.599998,47.030434,7898300
2015-04-01,56.389999,56.520000,55.689999,56.480000,46.930729,4627900
2015-04-02,56.439999,56.830002,56.250000,56.549999,46.988895,3270800
2015-04-06,57.540001,57.730000,56.630001,56.740002,47.146778,4173000
2015-04-07,56.740002,56.740002,56.000000,56.080002,46.598358,3108600
2015-04-08,55.700001,55.860001,55.430000,55.830002,46.757488,2874400
2015-04-09,55.700001,56.209999,55.599998,56.130001,47.008724,2261000
2015-04-10,56.169998,56.509998,56.060001,56.490002,47.310230,2962900
2015-04-13,56.470001,56.599998,56.360001,56.430000,47.259979,2555800
2015-04-14,56.490002,56.860001,56.279999,56.630001,47.427475,2443900
2015-04-15,56.779999,56.840000,56.349998,56.450001,47.276730,2067600
2015-04-16,56.380001,56.400002,56.099998,56.230000,47.092476,2704600
2015-04-17,55.860001,56.189999,55.689999,56.090000,46.975231,2639300
2015-04-20,56.689999,57.119999,56.400002,56.450001,47.276730,2276600
2015-04-21,56.450001,56.599998,56.040001,56.110001,46.991985,1805700
2015-04-22,56.369999,56.369999,55.950001,56.209999,47.075729,1891600
2015-04-23,55.980000,56.500000,55.880001,56.290001,47.142735,2411700
2015-04-24,56.459999,56.639999,56.200001,56.380001,47.218117,1754800
2015-04-27,56.439999,56.500000,56.000000,56.049999,46.941723,1696300
2015-04-28,56.000000,56.230000,55.759998,56.099998,46.983601,1805500
2015-04-29,56.009998,56.189999,55.470001,55.570000,46.539730,2069200
2015-04-30,55.580002,55.680000,55.110001,55.340000,46.347111,1815600
2015-05-01,55.509998,55.820000,55.259998,55.700001,46.648609,2573900
2015-05-04,55.730000,55.930000,55.669998,55.849998,46.774227,1425600
2015-05-05,56.000000,56.160000,55.410000,55.630001,46.589981,2097800
2015-05-06,55.860001,55.930000,54.939999,55.299999,46.313606,2197800
2015-05-07,55.250000,55.790001,55.139999,55.630001,46.589981,1620900
2015-05-08,55.939999,56.529999,55.919998,56.270000,47.125977,1884800
2015-05-11,56.139999,56.439999,56.040001,56.070000,46.958477,1351600
2015-05-12,55.919998,56.490002,55.770000,56.400002,47.234859,1780100
2015-05-13,56.360001,56.799999,56.110001,56.220001,47.084110,1735500
2015-05-14,56.599998,56.869999,56.389999,56.840000,47.603355,2412600
2015-05-15,56.779999,57.250000,56.700001,57.139999,47.854599,2170500
2015-05-18,56.900002,57.029999,56.709999,56.849998,47.611725,2545300
2015-05-19,56.790001,56.959999,56.610001,56.860001,47.620102,1566600
2015-05-20,56.840000,57.250000,56.830002,56.970001,47.712234,1391100
2015-05-21,56.950001,57.020000,56.660000,56.820000,47.586605,1572500
2015-05-22,56.709999,56.860001,56.520000,56.520000,47.335358,1813500
2015-05-26,56.509998,56.570000,55.930000,55.980000,46.883099,2141300
2015-05-27,56.130001,56.560001,56.009998,56.470001,47.293472,1617200
2015-05-28,56.349998,56.450001,56.080002,56.250000,47.109234,1841900
2015-05-29,56.220001,56.279999,55.869999,56.150002,47.025486,3132300
2015-06-01,56.320000,56.389999,55.910000,56.290001,47.142735,2285400
2015-06-02,56.130001,56.259998,55.630001,55.860001,46.782604,1244900
2015-06-03,56.049999,56.099998,55.570000,55.700001,46.648609,1820400
2015-06-04,55.389999,55.689999,54.970001,55.060001,46.112610,2186300
2015-06-05,54.869999,54.919998,54.139999,54.419998,45.576611,2454900
2015-06-08,54.480000,54.619999,54.290001,54.360001,45.526363,1609600
2015-06-09,54.540001,54.889999,54.349998,54.450001,45.601749,2178500
2015-06-10,54.669998,55.290001,54.500000,55.090000,46.137733,2287900
2015-06-11,55.150002,55.320000,55.000000,55.110001,46.154480,1843200
2015-06-12,55.009998,55.099998,54.740002,54.919998,45.995358,1342400
2015-06-15,54.610001,54.730000,54.349998,54.400002,45.559864,2200400
2015-06-16,54.509998,55.150002,54.439999,55.090000,46.137733,2302300
2015-06-17,55.060001,55.400002,54.849998,55.250000,46.271732,2301500
2015-06-18,55.470001,56.150002,55.310001,55.849998,46.774227,2999400
2015-06-19,55.849998,56.419998,55.669998,56.130001,47.008724,4183700
2015-06-22,56.389999,56.860001,56.279999,56.570000,47.377232,2174900
2015-06-23,56.570000,56.790001,56.419998,56.560001,47.368847,2163000
2015-06-24,56.549999,56.910000,56.410000,56.549999,47.360481,4657500
2015-06-25,57.020000,57.020000,56.310001,56.490002,47.310230,3766700
2015-06-26,56.689999,57.060001,56.470001,56.930000,47.678730,5394700
2015-06-29,56.520000,56.740002,55.990002,56.060001,46.950111,3735900
2015-06-30,56.360001,56.490002,55.650002,55.720001,46.665363,3432100
2015-07-01,55.119999,57.180000,54.130001,57.090000,47.812733,10353200
2015-07-02,57.180000,57.799999,56.840000,57.049999,47.779224,8850700
2015-07-06,56.910000,57.299999,56.310001,56.590000,47.393986,3468700
2015-07-07,56.700001,57.980000,56.599998,57.889999,48.482723,4285700
2015-07-08,57.290001,57.529999,56.950001,56.950001,48.060768,3604000
2015-07-09,57.410000,57.669998,56.910000,56.930000,48.043896,2234600
2015-07-10,57.259998,57.500000,57.180000,57.270000,48.330814,2011000
2015-07-13,57.490002,57.669998,57.320000,57.520000,48.541794,2412700
2015-07-14,57.500000,57.630001,57.060001,57.250000,48.313942,3175400
2015-07-15,57.070000,57.380001,56.650002,56.810001,47.942616,3591700
2015-07-16,57.160000,57.540001,56.939999,57.029999,48.128284,2871500
2015-07-17,56.849998,57.000000,56.619999,56.939999,48.052334,2514600
2015-07-20,56.980000,57.200001,56.700001,56.830002,47.959511,4683500
2015-07-21,57.380001,57.480000,57.080002,57.209999,48.280182,4491200
2015-07-22,57.250000,57.950001,57.250000,57.630001,48.634632,2045300
2015-07-23,57.549999,57.700001,57.020000,57.080002,48.170483,1717900
2015-07-24,56.939999,57.250000,56.779999,56.919998,48.035450,1994600
2015-07-27,56.599998,57.060001,56.450001,56.959999,48.069206,2927000
2015-07-28,57.259998,57.580002,56.630001,57.549999,48.567123,2846300
2015-07-29,57.549999,57.860001,57.369999,57.490002,48.516483,3360300
2015-07-30,57.299999,58.360001,57.110001,58.259998,49.166306,2716200
2015-07-31,58.490002,58.529999,58.040001,58.209999,49.124100,3013900
2015-08-03,58.290001,58.950001,58.200001,58.930000,49.731712,2593300
2015-08-04,58.900002,59.310001,58.660000,58.990002,49.782352,2502400
2015-08-05,59.080002,59.689999,58.580002,59.400002,50.128357,2248000
2015-08-06,59.759998,59.869999,59.130001,59.549999,50.254948,2583700
2015-08-07,59.290001,59.490002,58.799999,59.110001,49.883625,2325200
2015-08-10,59.230000,59.549999,59.160000,59.400002,50.128357,1895400
2015-08-11,58.970001,59.310001,58.750000,59.139999,49.908939,1798000
2015-08-12,58.770000,59.139999,58.110001,59.099998,49.875179,2881600
2015-08-13,58.939999,59.340000,58.810001,58.889999,49.697952,2527200
2015-08-14,58.950001,59.299999,58.770000,59.259998,50.010208,1440500
2015-08-17,59.080002,59.459999,58.919998,59.290001,50.035522,1484600
2015-08-18,59.160000,59.500000,58.849998,58.939999,49.740154,2180800
2015-08-19,58.680000,58.880001,57.990002,58.529999,49.394150,3119500
2015-08-20,58.070000,58.419998,57.770000,57.820000,48.794975,2668100
2015-08-21,57.520000,57.599998,56.180000,56.209999,47.436275,4083600
2015-08-24,53.930000,55.610001,47.500000,54.520000,46.010071,6846800
2015-08-25,55.869999,55.980000,54.810001,54.810001,46.254803,5662300
2015-08-26,55.759998,56.320000,54.389999,55.889999,47.166218,5065400
2015-08-27,56.340000,58.470001,55.880001,56.959999,48.069206,4011200
2015-08-28,56.610001,57.169998,56.610001,57.130001,48.212677,4289000
2015-08-31,56.790001,57.020000,56.560001,56.759998,47.900433,3389400
2015-09-01,55.849998,56.209999,55.240002,55.529999,46.862427,4629300
2015-09-02,56.580002,56.820000,56.070000,56.820000,47.951057,5751700
2015-09-03,56.790001,57.930000,56.700001,57.610001,48.617756,5217600
2015-09-04,56.939999,57.020000,56.400002,56.590000,47.756966,4330200
2015-09-08,57.209999,57.439999,56.630001,57.160000,48.237995,3844600
2015-09-09,57.480000,57.540001,55.619999,55.790001,47.081829,4923700
2015-09-10,55.709999,56.250000,55.529999,55.889999,47.166218,4112800
2015-09-11,55.759998,56.490002,55.590000,56.470001,47.655689,2623200
2015-09-14,56.369999,56.470001,55.910000,56.090000,47.335011,3336800
2015-09-15,56.250000,56.840000,55.709999,56.740002,47.883549,2508100
2015-09-16,56.939999,57.250000,56.639999,57.119999,48.204235,3031200
2015-09-17,57.180000,58.139999,57.000000,57.480000,48.508045,2826300
2015-09-18,56.619999,57.430000,56.439999,56.570000,47.740089,5248100
2015-09-21,56.950001,57.119999,56.660000,56.790001,47.925747,4194400
2015-09-22,56.779999,57.419998,56.209999,57.130001,48.212677,5960300
2015-09-23,57.180000,57.470001,56.700001,57.410000,48.448971,4745600
2015-09-24,57.189999,57.380001,56.549999,56.950001,48.060768,5120900
2015-09-25,57.139999,58.439999,57.139999,57.430000,48.465851,4836000
2015-09-28,57.200001,57.439999,55.139999,55.410000,46.761143,8991100
2015-09-29,55.560001,55.740002,55.180000,55.560001,46.887730,4037000
2015-09-30,56.139999,56.299999,55.480000,56.130001,47.368767,4474100
2015-10-01,55.889999,56.220001,55.290001,55.990002,47.250618,3493600
2015-10-02,55.599998,56.660000,55.310001,56.619999,47.782280,4062300
2015-10-05,57.000000,57.270000,56.770000,57.220001,48.288628,4898100
2015-10-06,57.230000,57.230000,55.660000,55.700001,47.005878,5045400
2015-10-07,55.570000,55.990002,55.310001,55.720001,47.397167,4356900
2015-10-08,55.650002,56.570000,55.509998,56.480000,48.426044,2836900
2015-10-09,56.419998,56.959999,56.419998,56.610001,48.537514,2593900
2015-10-12,56.520000,57.169998,56.500000,57.169998,49.017654,2357200
2015-10-13,56.900002,57.200001,56.480000,56.590000,48.520370,2492300
2015-10-14,56.560001,56.830002,55.990002,56.090000,48.091667,2330700
2015-10-15,56.450001,56.529999,55.880001,56.400002,48.357456,2137100
2015-10-16,56.560001,56.959999,56.330002,56.939999,48.820457,2331800
2015-10-19,56.810001,57.090000,56.599998,56.680000,48.597534,1939100
2015-10-20,56.700001,56.840000,56.320000,56.599998,48.528938,2025200
2015-10-21,56.669998,57.369999,56.520000,56.980000,48.854752,3316600
2015-10-22,57.259998,59.360001,57.250000,59.230000,50.783905,4470000
2015-10-23,59.230000,59.250000,58.110001,58.330002,50.012249,3335100
2015-10-26,58.459999,58.500000,58.130001,58.310001,49.995098,2385000
2015-10-27,58.020000,58.400002,57.810001,58.220001,49.917931,2765400
2015-10-28,58.490002,58.549999,57.689999,58.119999,49.832195,2353700
2015-10-29,58.029999,58.369999,57.639999,58.180000,49.883629,1620700
2015-10-30,58.119999,58.630001,57.910000,58.110001,49.823624,2373700
2015-11-02,58.180000,58.259998,57.549999,57.980000,49.712151,1842500
2015-11-03,57.689999,57.709999,57.049999,57.310001,49.137699,3530000
2015-11-04,57.509998,57.580002,57.150002,57.290001,49.120552,2485200
2015-11-05,57.250000,57.669998,57.090000,57.619999,49.403488,2419200
2015-11-06,57.310001,57.320000,56.160000,56.580002,48.511799,3318700
2015-11-09,56.380001,56.669998,55.970001,56.430000,48.383186,3864500
2015-11-10,56.290001,56.840000,56.270000,56.660000,48.580387,2460300
2015-11-11,56.830002,57.419998,56.669998,57.130001,48.983364,1907700
2015-11-12,56.689999,57.029999,56.200001,56.200001,48.185978,2378500
2015-11-13,56.139999,56.650002,55.730000,55.810001,47.851589,3124800
2015-11-16,55.910000,57.130001,55.910000,57.110001,48.966217,2771000
2015-11-17,57.080002,57.299999,56.040001,56.189999,48.177410,4712300
2015-11-18,56.270000,57.240002,56.250000,57.169998,49.017654,2636100
2015-11-19,57.290001,57.410000,56.900002,56.910000,48.794727,3296800
2015-11-20,57.230000,57.630001,56.689999,56.750000,48.657543,2643400
2015-11-23,56.950001,58.029999,56.840000,57.810001,49.566402,2704700
2015-11-24,57.520000,58.160000,57.400002,57.970001,49.703579,3217800
2015-11-25,57.980000,58.459999,57.869999,58.240002,49.935081,1912300
2015-11-27,58.330002,58.570000,58.110001,58.410000,50.080837,950200
2015-11-30,58.570000,58.610001,57.750000,57.759998,49.523521,3706300
2015-12-01,58.200001,58.919998,57.959999,58.259998,49.952236,3413900
2015-12-02,58.139999,58.220001,57.720001,57.790001,49.549244,2674800
2015-12-03,57.889999,58.310001,56.980000,57.270000,49.103394,4353500
2015-12-04,57.490002,58.709999,57.450001,58.520000,50.175156,4048000
2015-12-07,58.400002,58.830002,58.000000,58.580002,50.226601,3932200
2015-12-08,58.090000,59.160000,58.000000,59.009998,50.595280,3421500
2015-12-09,58.580002,59.240002,58.380001,58.580002,50.226601,3309300
2015-12-10,58.590000,59.110001,58.279999,58.779999,50.398079,2635300
2015-12-11,58.240002,58.439999,57.770000,58.099998,49.815041,3910400
2015-12-14,58.200001,58.660000,57.990002,58.430000,50.097988,3637300
2015-12-15,58.849998,58.910000,58.189999,58.549999,50.200871,3975000
2015-12-16,58.779999,59.330002,58.320000,59.189999,50.749607,4610700
2015-12-17,57.910000,58.180000,56.419998,57.230000,49.069099,7538800
2015-12-18,56.599998,57.720001,56.230000,56.939999,48.820457,6772600
2015-12-21,57.279999,57.599998,56.790001,57.410000,49.223431,4099300
2015-12-22,57.689999,58.570000,57.410000,58.410000,50.080837,3037100
2015-12-23,58.549999,59.000000,58.279999,58.919998,50.518112,3050500
2015-12-24,58.919998,58.980000,58.500000,58.720001,50.346630,1252400
2015-12-28,58.540001,58.810001,58.430000,58.580002,50.226601,2344500
2015-12-29,58.770000,59.009998,58.740002,58.880001,50.483814,2187300
2015-12-30,58.980000,59.049999,58.480000,58.560001,50.209446,1880600
2015-12-31,58.070000,58.259998,57.209999,57.660000,49.437790,2341900
2016-01-04,56.840000,57.480000,56.660000,57.459999,49.266308,4257500
2016-01-05,57.680000,57.910000,56.959999,57.200001,49.043377,3653800
2016-01-06,56.799999,57.200001,56.500000,56.730000,48.640404,4709400
2016-01-07,55.700001,55.959999,54.919998,55.110001,47.620758,5417400
2016-01-08,55.169998,55.939999,55.060001,55.290001,47.776299,4295600
2016-01-11,55.389999,56.040001,55.320000,55.910000,48.312042,4830800
2016-01-12,56.209999,56.450001,55.820000,56.369999,48.709530,3511300
2016-01-13,56.490002,56.540001,55.180000,55.299999,47.784935,4001800
2016-01-14,55.340000,55.639999,55.099998,55.349998,47.828144,4465100
2016-01-15,54.270000,54.910000,54.169998,54.740002,47.301048,6695500
2016-01-19,55.299999,55.630001,55.110001,55.419998,47.888626,4203700
2016-01-20,54.770000,55.139999,53.700001,54.560001,47.145508,4257600
2016-01-21,54.590000,54.779999,53.529999,54.119999,46.765297,4912300
2016-01-22,54.759998,55.540001,54.299999,55.330002,47.810871,3452200
2016-01-25,55.279999,55.330002,54.720001,54.799999,47.352890,2848000
2016-01-26,54.860001,55.480000,54.860001,55.130001,47.638039,2716600
2016-01-27,55.259998,55.599998,54.639999,54.939999,47.473858,2553500
2016-01-28,55.349998,55.700001,54.980000,55.209999,47.707172,3283400
2016-01-29,55.209999,56.619999,55.209999,56.509998,48.830498,4407700
2016-02-01,56.560001,56.900002,56.270000,56.669998,48.968754,2415700
2016-02-02,56.119999,56.380001,55.660000,55.799999,48.216984,3177700
2016-02-03,55.939999,56.209999,55.160000,55.669998,48.104656,3277500
2016-02-04,55.380001,55.509998,54.840000,55.119999,47.629402,3089100
2016-02-05,55.119999,55.520000,54.910000,55.369999,47.845425,3245300
2016-02-08,55.130001,55.889999,54.860001,55.720001,48.147861,3279100
2016-02-09,55.299999,56.230000,54.840000,55.939999,48.337963,3983100
2016-02-10,56.160000,57.009998,55.980000,56.090000,48.467583,2991400
2016-02-11,55.400002,56.270000,55.360001,55.980000,48.372532,3302500
2016-02-12,56.169998,56.939999,56.020000,56.889999,49.158867,3569800
2016-02-16,57.000000,57.700001,56.340000,57.660000,49.824230,4095500
2016-02-17,57.990002,58.430000,57.570000,58.139999,50.238995,5210800
2016-02-18,58.110001,58.750000,57.840000,58.599998,50.636475,3141200
2016-02-19,58.529999,59.139999,58.200001,58.720001,50.740170,2626300
2016-02-22,58.959999,59.090000,58.259998,58.369999,50.437737,3887400
2016-02-23,58.290001,58.919998,58.259998,58.820000,50.826591,2675300
2016-02-24,58.529999,59.000000,58.189999,58.959999,50.947559,2683800
2016-02-25,59.040001,60.180000,58.939999,60.139999,51.967197,3195700
2016-02-26,60.049999,60.150002,58.680000,59.000000,50.982121,2774700
2016-02-29,58.930000,59.340000,58.660000,58.849998,50.852512,2804200
2016-03-01,59.250000,59.459999,58.900002,59.369999,51.301846,2869900
2016-03-02,59.150002,59.540001,58.700001,59.529999,51.440102,2862700
2016-03-03,59.490002,59.840000,59.110001,59.790001,51.664768,2272600
2016-03-04,59.709999,60.240002,59.549999,60.200001,52.019054,2667300
2016-03-07,59.799999,60.000000,59.410000,59.619999,51.517872,2242700
2016-03-08,59.330002,60.099998,59.220001,59.950001,51.803028,3333500
2016-03-09,60.110001,60.919998,60.029999,60.439999,52.226440,3051400
2016-03-10,60.590000,60.740002,60.040001,60.529999,52.304203,2638800
2016-03-11,60.889999,61.259998,60.700001,61.060001,52.762188,2794600
2016-03-14,60.990002,61.070000,60.700001,60.889999,52.615280,1920300
2016-03-15,60.639999,61.310001,60.290001,61.240002,52.917721,2387400
2016-03-16,61.110001,61.580002,60.500000,61.389999,53.047333,2458800
2016-03-17,61.570000,62.070000,61.299999,61.779999,53.384331,3229300
2016-03-18,61.810001,61.820000,61.360001,61.790001,53.392967,8676300
2016-03-21,61.549999,61.660000,60.990002,61.299999,52.969570,4670600
2016-03-22,61.110001,61.220001,60.590000,60.790001,52.528870,4229400
2016-03-23,60.529999,61.360001,60.139999,61.009998,52.718971,5265200
2016-03-24,60.799999,61.889999,60.669998,61.360001,53.021400,4916300
2016-03-28,61.450001,62.150002,61.450001,61.880001,53.470745,3444500
2016-03-29,61.919998,63.150002,61.799999,62.939999,54.386696,6390900
2016-03-30,63.360001,63.470001,62.560001,63.310001,54.706417,4861200
2016-03-31,63.209999,63.730000,63.209999,63.349998,54.740974,8874500
2016-04-01,62.900002,65.000000,62.900002,64.959999,56.132179,7433900
2016-04-04,65.000000,65.379997,64.139999,65.360001,56.477818,6174600
2016-04-05,65.370003,65.489998,64.220001,64.279999,55.544590,4835500
2016-04-06,64.419998,64.489998,63.790001,64.139999,55.423618,5110500
2016-04-07,63.139999,63.560001,62.779999,63.119999,54.936226,4445900
2016-04-08,63.200001,63.439999,62.919998,63.299999,55.092888,3470900
2016-04-11,63.419998,63.680000,62.709999,62.880001,54.727345,3295900
2016-04-12,63.119999,63.590000,62.970001,63.459999,55.232140,3606400
2016-04-13,63.450001,63.520000,62.500000,62.689999,54.561977,2559100
2016-04-14,62.680000,62.820000,62.060001,62.110001,54.057171,2687300
2016-04-15,62.240002,62.470001,61.950001,62.450001,54.353096,2960500
2016-04-18,62.450001,62.619999,62.110001,62.529999,54.422722,3185900
2016-04-19,62.700001,62.740002,62.040001,62.380001,54.292168,2135100
2016-04-20,62.369999,62.369999,61.599998,61.639999,53.648113,2464800
2016-04-21,61.580002,61.660000,60.099998,60.119999,52.325191,3570000
2016-04-22,60.230000,60.590000,60.040001,60.560001,52.708138,3207100
2016-04-25,60.450001,61.270000,60.349998,61.090000,53.169426,2258700
2016-04-26,61.119999,61.279999,60.580002,60.709999,52.838688,2164200
2016-04-27,60.900002,61.470001,60.570000,61.130001,53.204235,2685500
2016-04-28,60.700001,61.660000,60.389999,61.259998,53.317379,2166100
2016-04-29,61.060001,61.470001,60.889999,61.340000,53.387001,2703200
2016-05-02,61.590000,62.360001,61.520000,62.220001,54.152916,2848500
2016-05-03,61.919998,62.200001,61.470001,61.650002,53.656815,2731500
2016-05-04,61.330002,62.060001,61.209999,61.740002,53.735146,2648100
2016-05-05,61.799999,62.290001,61.779999,62.080002,54.031067,3084800
2016-05-06,62.070000,62.270000,61.459999,62.110001,54.057171,2271900
2016-05-09,62.209999,62.880001,62.000000,62.730000,54.596790,2418900
2016-05-10,62.880001,63.799999,62.730000,63.730000,55.467140,3245700
2016-05-11,63.730000,64.370003,63.700001,64.010002,55.710835,3449800
2016-05-12,64.129997,64.779999,64.080002,64.720001,56.328777,2563800
2016-05-13,64.610001,65.110001,64.169998,64.519997,56.154701,2763800
2016-05-16,64.389999,64.790001,64.230003,64.570000,56.198215,2274800
2016-05-17,64.300003,64.430000,62.740002,62.990002,54.823082,3497200
2016-05-18,62.720001,62.820000,61.930000,62.389999,54.300873,3023600
2016-05-19,62.279999,62.950001,62.060001,62.919998,54.762154,2577100
2016-05-20,62.910000,62.910000,62.279999,62.450001,54.353096,3313300
2016-05-23,62.549999,63.029999,62.490002,62.700001,54.570686,2127200
2016-05-24,61.689999,62.720001,61.599998,62.400002,54.309566,4197400
2016-05-25,62.509998,62.750000,62.200001,62.360001,54.274761,2631400
2016-05-26,62.529999,63.119999,62.419998,62.869999,54.718632,1776300
2016-05-27,62.709999,63.230000,62.650002,62.869999,54.718632,1634100
2016-05-31,62.959999,63.349998,62.549999,62.779999,54.640305,3160700
2016-06-01,62.770000,63.330002,62.650002,63.169998,54.979733,2538500
2016-06-02,63.070000,63.259998,62.840000,63.230000,55.031963,1593600
2016-06-03,63.200001,63.840000,63.189999,63.689999,55.432327,1979900
2016-06-06,63.660000,63.889999,63.270000,63.580002,55.336586,1649200
2016-06-07,63.680000,64.169998,63.630001,64.019997,55.719528,2000500
2016-06-08,64.000000,64.489998,63.830002,64.419998,56.067665,2323200
2016-06-09,64.430000,65.389999,64.349998,65.339996,56.868393,2460600
2016-06-10,65.059998,65.500000,65.010002,65.410004,56.929321,2677100
2016-06-13,65.019997,65.489998,64.730003,64.849998,56.441917,2400100
2016-06-14,64.639999,65.129997,64.290001,65.040001,56.607288,2671400
2016-06-15,64.970001,65.250000,64.709999,64.889999,56.476738,2042400
2016-06-16,64.839996,65.790001,64.769997,65.779999,57.251339,2147100
2016-06-17,65.629997,65.820000,65.089996,65.809998,57.277454,3331300
2016-06-20,65.970001,66.410004,65.870003,65.879997,57.338383,2321600
2016-06-21,66.070000,66.660004,65.989998,66.519997,57.895397,3132800
2016-06-22,66.589996,66.790001,66.199997,66.400002,57.790951,2630200
2016-06-23,66.750000,66.879997,66.260002,66.769997,58.112984,2107800
2016-06-24,65.660004,66.849998,65.410004,66.139999,57.564663,4836000
2016-06-27,65.830002,66.400002,65.629997,66.190002,57.608189,4252300
2016-06-28,66.250000,66.250000,65.160004,65.760002,57.233932,4961400
2016-06-29,66.169998,67.910004,65.639999,67.860001,59.061661,7759700
2016-06-30,68.000000,71.779999,68.000000,71.320000,62.073067,12380000
2016-07-01,71.190002,72.190002,70.860001,71.940002,62.612675,6075900
2016-07-05,71.879997,72.660004,71.730003,72.110001,62.760639,4806000
2016-07-06,72.269997,72.949997,71.860001,72.559998,63.152283,7086800
2016-07-07,72.440002,72.769997,71.769997,72.019997,63.099716,4383900
2016-07-08,72.389999,72.480003,71.559998,72.459999,63.485229,4234100
2016-07-11,72.269997,72.300003,71.699997,71.809998,62.915730,3559900
2016-07-12,71.470001,71.809998,71.120003,71.419998,62.574036,3486500
2016-07-13,71.489998,71.970001,71.360001,71.940002,63.029629,2852100
2016-07-14,71.690002,72.320000,71.680000,72.089996,63.161045,2689500
2016-07-15,72.250000,72.279999,71.849998,72.019997,63.099716,2848900
2016-07-18,72.190002,72.400002,71.970001,72.279999,63.327530,2217100
2016-07-19,72.209999,72.660004,72.000000,72.639999,63.642929,1996200
2016-07-20,72.650002,72.699997,71.639999,71.699997,62.819351,2841000
2016-07-21,71.709999,71.720001,70.989998,71.209999,62.390034,3008800
2016-07-22,71.440002,71.639999,71.070000,71.220001,62.398815,3079200
2016-07-25,71.209999,71.720001,71.150002,71.690002,62.810596,2574700
2016-07-26,71.650002,72.510002,71.190002,71.279999,62.451363,2592100
2016-07-27,71.480003,71.589996,70.400002,70.550003,61.811802,4578300
2016-07-28,70.510002,71.440002,70.500000,71.339996,62.503941,2724500
2016-07-29,71.190002,72.220001,71.169998,71.889999,62.985836,2728800
2016-08-01,71.980003,72.150002,71.400002,71.629997,62.758030,3417600
2016-08-02,71.550003,71.720001,70.820000,70.970001,62.179783,4370300
2016-08-03,71.120003,71.139999,69.230003,69.779999,61.137161,5387400
2016-08-04,70.000000,70.510002,69.919998,70.489998,61.759216,4234700
2016-08-05,70.500000,70.800003,70.300003,70.550003,61.811802,2539200
2016-08-08,70.489998,70.879997,70.150002,70.629997,61.881874,2428700
2016-08-09,70.750000,71.059998,70.529999,70.930000,62.144741,2333000
2016-08-10,70.959999,71.300003,70.830002,71.059998,62.258621,2189600
2016-08-11,71.099998,71.279999,70.860001,71.070000,62.267387,2212700
2016-08-12,71.160004,71.449997,71.010002,71.169998,62.354992,1871300
2016-08-15,71.029999,71.169998,70.779999,71.040001,62.241104,2096200
2016-08-16,70.570000,70.989998,70.370003,70.500000,61.767990,2642300
2016-08-17,70.510002,70.870003,70.220001,70.559998,61.820553,3923300
2016-08-18,70.559998,71.400002,70.510002,71.269997,62.442600,2517000
2016-08-19,71.260002,71.500000,70.919998,71.449997,62.600319,2543700
2016-08-22,71.529999,71.820000,71.269997,71.559998,62.696682,2277400
2016-08-23,71.559998,71.629997,70.930000,71.099998,62.293686,2270300
2016-08-24,71.000000,71.059998,70.459999,71.000000,62.206039,2494700
2016-08-25,70.820000,71.959999,70.760002,71.389999,62.547741,3197300
2016-08-26,71.339996,71.680000,70.690002,70.870003,62.092163,1975300
2016-08-29,70.989998,71.570000,70.989998,71.419998,62.574036,2489600
2016-08-30,71.389999,71.580002,70.349998,70.510002,61.776752,4402700
2016-08-31,70.559998,70.910004,70.379997,70.820000,62.048344,3776200
2016-09-01,70.669998,70.800003,69.660004,70.110001,61.426296,4253500
2016-09-02,70.570000,71.120003,70.449997,70.940002,62.153496,2446600
2016-09-06,71.040001,71.330002,70.360001,70.900002,62.118446,3566500
2016-09-07,70.449997,70.639999,67.610001,67.849998,59.446205,6769900
2016-09-08,67.599998,68.070000,67.309998,67.470001,59.113285,4110500
2016-09-09,66.970001,66.980003,65.050003,65.050003,56.993015,6391300
2016-09-12,65.000000,66.419998,65.000000,66.279999,58.070671,4290800
2016-09-13,66.489998,66.529999,65.550003,65.599998,57.474884,3536400
2016-09-14,65.809998,66.010002,65.209999,65.480003,57.369751,3010700
2016-09-15,65.220001,65.720001,65.139999,65.540001,57.422325,2821300
2016-09-16,65.260002,65.459999,64.830002,65.190002,57.115669,3705300
2016-09-19,65.050003,65.510002,64.959999,65.209999,57.133198,2546000
2016-09-20,65.199997,65.400002,64.660004,64.699997,56.686352,3527600
2016-09-21,64.059998,65.370003,63.150002,65.260002,57.177006,5468900
2016-09-22,65.260002,65.570000,64.790001,65.059998,57.001774,4140200
2016-09-23,64.889999,65.239998,64.650002,64.650002,56.642559,3252600
2016-09-26,64.449997,64.480003,63.799999,63.900002,55.985455,3176500
2016-09-27,64.059998,64.080002,63.560001,63.919998,56.002968,2693100
2016-09-28,64.150002,64.190002,63.759998,64.080002,56.143154,2474900
2016-09-29,64.050003,64.389999,63.650002,63.660000,55.775177,3006600
2016-09-30,63.919998,64.180000,63.689999,63.880001,55.967930,3328400
2016-10-03,63.759998,64.019997,63.380001,63.880001,55.967930,2758800
2016-10-04,63.860001,63.919998,62.889999,63.049999,55.240723,3618000
2016-10-05,62.610001,62.880001,62.029999,62.360001,55.055328,5118100
2016-10-06,62.160000,62.650002,62.020000,62.419998,55.108303,3091400
2016-10-07,62.400002,62.590000,61.639999,62.130001,54.852272,2759300
2016-10-10,62.450001,62.770000,62.169998,62.439999,55.125954,2847000
2016-10-11,62.279999,62.380001,61.709999,61.950001,54.693352,3007500
2016-10-12,62.169998,62.310001,61.889999,62.130001,54.852272,2832500
2016-10-13,61.759998,62.259998,61.680000,62.220001,54.931728,2683200
2016-10-14,62.419998,62.480000,61.730000,61.779999,54.543262,3337200
2016-10-17,62.480000,62.480000,61.709999,61.770000,54.534439,3404100
2016-10-18,62.240002,62.250000,61.730000,61.910000,54.658043,5041300
2016-10-19,61.950001,61.950001,61.340000,61.570000,54.357868,4423300
2016-10-20,61.560001,61.560001,60.939999,61.000000,53.854630,4403100
2016-10-21,60.790001,60.919998,60.439999,60.709999,53.598602,3710000
2016-10-24,60.990002,61.240002,60.580002,60.889999,53.757519,3040500
2016-10-25,60.970001,61.139999,60.849998,61.099998,53.942924,2012000
2016-10-26,61.200001,61.320000,60.770000,60.840000,53.713375,1852600
2016-10-27,61.009998,61.220001,60.630001,60.720001,53.607430,2277500
2016-10-28,60.840000,61.849998,60.790001,61.660000,54.437328,2750100
2016-10-31,61.700001,62.020000,61.500000,61.980000,54.719837,2745300
2016-11-01,62.160000,62.189999,61.389999,61.630001,54.410843,3449700
2016-11-02,61.619999,61.910000,61.360001,61.380001,54.190125,2889600
2016-11-03,61.360001,61.669998,61.049999,61.119999,53.960575,2317100
2016-11-04,61.049999,61.209999,60.650002,60.650002,53.545635,2578300
2016-11-07,61.029999,61.939999,60.910000,61.830002,54.587410,3173900
2016-11-08,61.860001,63.930000,61.840000,63.709999,56.247192,4599900
2016-11-09,62.419998,62.950001,61.169998,62.740002,55.390816,4893200
2016-11-10,62.419998,62.509998,60.810001,61.070000,53.916428,6338200
2016-11-11,61.090000,61.650002,60.549999,61.040001,53.889950,3329700
2016-11-14,60.930000,61.470001,60.660000,61.200001,54.031208,3466500
2016-11-15,61.470001,61.619999,61.000000,61.299999,54.119499,3852400
2016-11-16,61.330002,61.720001,61.060001,61.259998,54.084179,3284300
2016-11-17,61.320000,61.689999,60.970001,61.360001,54.172459,2902900
2016-11-18,61.360001,61.630001,60.980000,61.259998,54.084179,2227900
2016-11-21,61.259998,61.779999,60.950001,61.630001,54.410843,2392800
2016-11-22,61.930000,62.799999,61.919998,62.680000,55.337841,2739500
2016-11-23,62.419998,62.750000,61.389999,61.480000,54.278412,2557400
2016-11-25,61.740002,62.299999,61.740002,62.299999,55.002350,1069500
2016-11-28,62.119999,62.380001,61.880001,62.080002,54.808128,2206300
2016-11-29,62.250000,62.810001,61.790001,62.660000,55.320190,3143600
2016-11-30,62.330002,62.400002,60.910000,60.939999,53.801655,5940000
2016-12-01,60.919998,60.919998,60.369999,60.590000,53.492661,3215100
2016-12-02,60.790001,61.189999,60.580002,60.939999,53.801655,2349200
2016-12-05,61.000000,61.160000,60.830002,61.130001,53.969410,2133000
2016-12-06,61.180000,61.380001,60.799999,61.029999,53.881123,1821400
2016-12-07,61.240002,63.270000,61.240002,62.990002,55.611530,3564600
2016-12-08,62.700001,62.770000,62.130001,62.480000,55.161274,2646200
2016-12-09,62.560001,63.220001,62.360001,63.200001,55.796936,1938500
2016-12-12,63.049999,63.919998,63.049999,63.869999,56.388451,1802600
2016-12-13,63.849998,64.029999,63.470001,63.740002,56.273685,3113000
2016-12-14,63.900002,64.059998,62.669998,62.869999,55.505589,2594100
2016-12-15,62.070000,62.970001,61.919998,62.820000,55.461445,2963700
2016-12-16,62.880001,63.669998,62.880001,63.500000,56.061787,3883900
2016-12-19,63.740002,63.740002,62.910000,63.060001,55.673332,2913300
2016-12-20,61.060001,62.189999,60.520000,61.450001,54.251923,6168100
2016-12-21,61.419998,62.950001,61.400002,62.389999,55.081818,4290200
2016-12-22,62.279999,62.520000,62.020000,62.459999,55.143612,2645300
2016-12-23,62.459999,62.470001,61.869999,62.160000,54.878754,1460100
2016-12-27,62.320000,62.430000,61.970001,62.200001,54.914066,1599700
2016-12-28,62.110001,62.500000,61.669998,61.889999,54.640388,1701700
2016-12-29,61.709999,62.419998,61.669998,62.360001,55.055328,1483300
2016-12-30,62.369999,62.470001,61.580002,61.770000,54.534439,1937700
2017-01-03,62.090000,62.240002,61.360001,62.090000,54.816956,2327900
2017-01-04,62.049999,62.560001,61.950001,62.070000,54.799301,2137200
2017-01-05,62.000000,62.470001,61.709999,62.250000,54.958218,2558500
2017-01-06,61.720001,61.820000,61.360001,61.470001,54.691296,2282000
2017-01-09,61.360001,61.560001,60.520000,60.560001,53.881645,3408900
2017-01-10,60.599998,60.730000,60.270000,60.450001,53.783772,3244300
2017-01-11,60.450001,61.110001,60.310001,60.980000,54.255329,3374000
2017-01-12,60.919998,61.880001,60.860001,61.270000,54.513355,2961800
2017-01-13,61.209999,61.470001,60.930000,61.080002,54.344303,1853800
2017-01-17,60.959999,62.060001,60.959999,61.980000,55.145054,2775100
2017-01-18,61.880001,62.279999,61.820000,62.080002,55.234028,2116400
2017-01-19,62.110001,62.130001,61.619999,61.650002,54.851444,2421500
2017-01-20,62.000000,62.720001,61.919998,62.419998,55.536533,3104000
2017-01-23,62.189999,62.349998,61.549999,62.119999,55.269615,2837400
2017-01-24,62.070000,62.889999,62.060001,62.669998,55.758961,2632500
2017-01-25,62.840000,63.110001,62.419998,63.009998,56.061466,2681400
2017-01-26,62.889999,63.040001,62.419998,62.700001,55.785656,1957100
2017-01-27,62.750000,62.860001,62.279999,62.720001,55.803444,1845100
2017-01-30,62.560001,62.939999,62.330002,62.599998,55.696678,1692300
2017-01-31,62.599998,62.950001,62.320000,62.480000,55.589909,3543600
2017-02-01,62.320000,62.450001,61.360001,61.369999,54.602314,2644100
2017-02-02,61.639999,62.020000,61.500000,61.720001,54.913727,2167900
2017-02-03,62.130001,62.990002,61.869999,62.730000,55.812351,2532400
2017-02-06,62.540001,62.610001,61.400002,61.439999,54.664608,2335600
2017-02-07,61.680000,61.889999,61.520000,61.820000,55.002697,1622800
2017-02-08,61.740002,62.330002,61.630001,62.220001,55.358582,1682200
2017-02-09,62.220001,63.230000,62.009998,63.060001,56.105953,2509300
2017-02-10,62.860001,63.340000,62.630001,62.759998,55.839035,1977900
2017-02-13,62.770000,63.029999,62.439999,62.889999,55.954708,1843600
2017-02-14,62.810001,63.730000,62.540001,63.090000,56.132648,3639700
2017-02-15,62.680000,63.349998,62.009998,63.189999,56.221622,2651400
2017-02-16,63.070000,63.270000,61.389999,61.540001,54.753578,6019600
2017-02-17,58.889999,60.180000,58.700001,59.230000,52.698315,11680900
2017-02-21,60.919998,61.590000,60.029999,61.020000,54.290920,7527700
2017-02-22,60.750000,60.990002,60.240002,60.590000,53.908329,3327000
2017-02-23,60.889999,60.980000,60.459999,60.779999,54.077385,2499900
2017-02-24,60.830002,61.380001,60.759998,61.369999,54.602314,2594300
2017-02-27,61.110001,61.110001,59.790001,59.939999,53.330009,3803800
2017-02-28,60.080002,60.660000,59.990002,60.369999,53.712601,3654100
2017-03-01,60.779999,60.939999,60.099998,60.549999,53.872746,3178700
2017-03-02,60.599998,60.970001,60.340000,60.910000,54.193050,3826700
2017-03-03,60.980000,61.000000,60.500000,60.730000,54.032898,1891300
2017-03-06,60.459999,60.630001,60.099998,60.430000,53.765984,2246100
2017-03-07,60.490002,60.900002,60.200001,60.250000,53.605827,2282400
2017-03-08,60.299999,60.360001,59.950001,60.070000,53.445679,2114800
2017-03-09,60.250000,60.680000,60.000000,60.630001,53.943932,2272100
2017-03-10,60.910000,61.099998,60.500000,60.570000,53.890537,2745300
2017-03-13,60.470001,60.560001,60.150002,60.520000,53.846058,2988300
2017-03-14,60.520000,60.590000,60.259998,60.459999,53.792675,1710500
2017-03-15,60.430000,61.340000,60.389999,61.160000,54.415482,4713100
2017-03-16,60.990002,61.150002,60.509998,60.810001,54.104076,4250100
2017-03-17,61.070000,61.150002,60.630001,60.660000,53.970623,10957800
2017-03-20,60.770000,60.950001,60.259998,60.259998,53.614723,4817600
2017-03-21,59.660000,60.750000,59.509998,59.759998,53.169861,5442300
2017-03-22,59.480000,59.599998,58.590000,58.939999,52.440300,5135300
2017-03-23,58.910000,59.700001,58.910000,59.369999,52.822876,2982100
2017-03-24,59.639999,59.750000,59.009998,59.160000,52.636032,3070900
2017-03-27,59.009998,59.290001,58.759998,58.790001,52.306839,3263800
2017-03-28,58.770000,59.220001,58.610001,59.009998,52.502575,2517900
2017-03-29,59.180000,59.529999,58.959999,59.439999,52.885151,2505500
2017-03-30,59.410000,59.549999,59.029999,59.070000,52.555958,1936200
2017-03-31,59.099998,59.450001,59.000000,59.009998,52.502575,2506800
2017-04-03,59.049999,59.220001,58.380001,58.549999,52.093307,3398400
2017-04-04,58.590000,58.840000,58.099998,58.380001,51.942055,3430300
2017-04-05,58.439999,58.840000,58.250000,58.250000,51.826382,3185000
2017-04-06,57.889999,58.029999,57.500000,57.689999,51.754608,3471100
2017-04-07,57.820000,57.910000,57.619999,57.650002,51.718739,2217200
2017-04-10,57.680000,57.880001,57.450001,57.520000,51.602108,2483400
2017-04-11,57.470001,57.610001,57.139999,57.419998,51.512390,2494700
2017-04-12,57.250000,57.820000,57.240002,57.580002,51.655937,3230500
2017-04-13,57.529999,57.799999,57.169998,57.169998,51.288113,2226400
2017-04-17,57.259998,57.720001,57.200001,57.599998,51.673874,2333100
2017-04-18,57.700001,58.599998,57.599998,58.160000,52.176266,3223700
2017-04-19,58.200001,58.410000,57.689999,57.840000,51.889179,2464100
2017-04-20,57.849998,58.130001,57.459999,57.880001,51.925076,2967000
2017-04-21,57.830002,58.049999,57.630001,57.730000,51.790504,2219700
2017-04-24,58.029999,58.270000,57.889999,58.139999,52.158318,2638900
2017-04-25,58.169998,58.360001,58.020000,58.240002,52.248035,2549800
2017-04-26,58.290001,58.330002,57.750000,57.880001,51.925076,2401900
2017-04-27,58.040001,58.060001,57.330002,57.410000,51.503422,2393000
2017-04-28,57.500000,57.560001,57.139999,57.509998,51.593132,3564900
2017-05-01,57.560001,57.639999,56.590000,56.599998,50.776764,3035900
2017-05-02,56.900002,56.900002,55.799999,55.919998,50.166718,4419900
2017-05-03,55.990002,56.240002,55.669998,56.049999,50.283348,3473900
2017-05-04,56.110001,60.209999,55.959999,57.049999,51.180462,19747400
2017-05-05,57.330002,57.450001,57.060001,57.299999,51.404747,3745900
2017-05-08,57.369999,57.740002,57.090000,57.400002,51.494453,2982400
2017-05-09,57.400002,57.490002,56.130001,56.369999,50.570423,4154600
2017-05-10,56.369999,56.549999,56.209999,56.340000,50.543510,3914500
2017-05-11,56.400002,56.439999,55.889999,56.259998,50.471745,3963700
2017-05-12,56.160000,56.320000,56.080002,56.250000,50.462769,2316200
2017-05-15,56.320000,56.590000,56.180000,56.360001,50.561455,2239100
2017-05-16,56.439999,56.450001,56.029999,56.090000,50.319237,2303400
2017-05-17,56.090000,56.290001,55.570000,56.029999,50.265411,2786700
2017-05-18,56.000000,56.160000,55.750000,55.910000,50.157753,3304400
2017-05-19,55.919998,56.330002,55.630001,56.230000,50.444832,3748600
2017-05-22,56.090000,56.860001,56.090000,56.709999,50.875439,3703000
2017-05-23,56.720001,56.970001,56.570000,56.689999,50.857498,2544200
2017-05-24,56.680000,56.950001,56.560001,56.910000,51.054863,2388300
2017-05-25,56.889999,57.020000,56.689999,56.830002,50.983097,2115500
2017-05-26,56.970001,57.320000,56.770000,57.320000,51.422684,2920400
2017-05-30,57.070000,57.110001,56.259998,56.570000,50.749851,5513700
2017-05-31,56.500000,57.029999,56.430000,56.740002,50.902359,6567500
2017-06-01,56.889999,57.549999,56.619999,57.549999,51.629021,3283900
2017-06-02,57.689999,57.720001,57.240002,57.549999,51.629021,3544900
2017-06-05,57.470001,57.590000,57.090000,57.439999,51.530342,2734200
2017-06-06,57.430000,57.720001,57.200001,57.529999,51.611076,3384200
2017-06-07,57.599998,57.830002,57.349998,57.700001,51.763584,3034700
2017-06-08,57.700001,57.830002,57.169998,57.200001,51.315029,3650800
2017-06-09,57.070000,57.459999,56.860001,57.090000,51.216347,2866000
2017-06-12,57.090000,57.599998,56.959999,57.240002,51.350918,3851800
2017-06-13,57.230000,58.279999,56.709999,58.169998,52.185223,4012700
2017-06-14,58.360001,59.580002,58.299999,58.750000,52.705563,6702700
2017-06-15,58.740002,58.939999,58.360001,58.830002,52.777325,4683600
2017-06-16,58.610001,58.790001,56.680000,57.099998,51.225315,7376700
2017-06-19,57.310001,57.320000,56.700001,57.119999,51.243263,3401000
2017-06-20,57.180000,57.270000,56.730000,56.740002,50.902359,2313700
2017-06-21,56.830002,56.950001,56.090000,56.209999,50.426884,2691100
2017-06-22,56.160000,56.439999,55.900002,56.000000,50.238491,3037500
2017-06-23,55.939999,56.189999,55.759998,55.939999,50.184658,5621900
2017-06-26,56.009998,56.459999,55.880001,56.169998,50.391003,3095100
2017-06-27,56.020000,56.349998,55.509998,55.520000,49.807869,4248800
2017-06-28,56.869999,57.790001,56.320000,56.419998,50.615276,6688600
2017-06-29,56.400002,56.450001,54.889999,54.970001,49.314468,6560700
2017-06-30,55.110001,55.770000,55.029999,55.400002,49.700222,4250800
2017-07-03,55.290001,55.500000,55.099998,55.180000,49.502850,2083100
2017-07-05,55.230000,55.570000,54.810001,54.810001,49.170921,4845500
2017-07-06,54.209999,54.450001,53.759998,53.820000,48.718315,5105600
2017-07-07,53.869999,53.959999,53.549999,53.630001,48.546329,3825200
2017-07-10,53.730000,53.779999,53.310001,53.400002,48.338127,3209300
2017-07-11,53.290001,54.009998,53.240002,53.529999,48.455807,7055300
2017-07-12,53.880001,54.099998,53.410000,53.439999,48.374336,3962400
2017-07-13,53.410000,53.560001,53.240002,53.279999,48.229504,3247000
2017-07-14,53.400002,53.860001,53.400002,53.740002,48.645905,2853600
2017-07-17,53.650002,54.299999,53.610001,54.150002,49.017044,7040800
2017-07-18,54.110001,54.160000,53.610001,53.669998,48.582531,3985800
2017-07-19,53.599998,54.029999,53.549999,53.849998,48.745476,2880200
2017-07-20,53.939999,54.189999,53.509998,54.169998,49.035141,3947500
2017-07-21,54.080002,54.430000,53.910000,54.349998,49.198078,3664500
2017-07-24,54.340000,54.779999,54.200001,54.480000,49.315758,4570000
2017-07-25,54.639999,55.320000,54.610001,55.119999,49.895088,3129100
2017-07-26,55.080002,55.230000,54.779999,55.130001,49.904148,3402100
2017-07-27,55.070000,55.529999,54.830002,55.490002,50.230019,3837200
2017-07-28,55.450001,55.529999,55.090000,55.330002,50.085186,2409500
2017-07-31,55.310001,55.869999,55.209999,55.660000,50.383900,3782800
2017-08-01,55.639999,55.669998,54.970001,55.200001,49.967499,3727900
2017-08-02,55.209999,56.790001,54.720001,56.070000,50.755035,6152900
2017-08-03,56.080002,56.509998,56.020000,56.220001,50.890820,3970600
2017-08-04,56.299999,56.610001,55.950001,56.169998,50.845558,5578300
2017-08-07,56.180000,56.549999,56.029999,56.380001,51.035656,3412600
2017-08-08,56.189999,56.320000,55.740002,55.779999,50.492527,3124900
2017-08-09,55.720001,55.889999,55.619999,55.770000,50.483479,2660400
2017-08-10,55.520000,56.439999,55.509998,56.290001,50.954182,3668200
2017-08-11,56.250000,56.990002,56.119999,56.590000,51.225754,3702000
2017-08-14,56.720001,57.549999,56.680000,57.400002,51.958969,3509600
2017-08-15,57.330002,57.570000,57.250000,57.310001,51.877499,4509500
2017-08-16,57.310001,57.730000,57.230000,57.529999,52.076641,2792800
2017-08-17,57.480000,57.840000,57.360001,57.570000,52.112850,4338300
2017-08-18,57.480000,57.529999,57.040001,57.139999,51.723618,4595600
2017-08-21,57.150002,57.599998,57.099998,57.290001,51.859390,2914800
2017-08-22,57.200001,57.610001,57.150002,57.500000,52.049488,1926800
2017-08-23,57.419998,57.790001,57.389999,57.680000,52.212425,3344100
2017-08-24,57.389999,57.450001,55.630001,55.680000,50.402000,4606500
2017-08-25,56.029999,56.029999,55.009998,55.020000,49.804562,3735600
2017-08-28,55.049999,55.070000,54.160000,54.279999,49.134716,3675500
2017-08-29,54.410000,54.410000,53.900002,53.930000,48.817890,4260900
2017-08-30,53.950001,54.119999,53.430000,53.750000,48.654953,3923500
2017-08-31,53.419998,53.799999,52.759998,53.259998,48.211403,6367700
2017-09-01,53.259998,54.119999,53.259998,53.720001,48.627804,3912400
2017-09-05,53.759998,54.060001,53.380001,53.720001,48.627804,4257200
2017-09-06,53.880001,54.730000,53.599998,54.700001,49.514908,5716000
2017-09-07,54.419998,54.980000,54.090000,54.660000,49.478691,4754100
2017-09-08,54.660000,55.740002,54.570000,55.349998,50.103287,3388500
2017-09-11,55.580002,56.070000,55.470001,55.779999,50.492527,2869500
2017-09-12,55.840000,56.209999,55.380001,55.560001,50.293381,2900400
2017-09-13,55.500000,55.860001,55.230000,55.290001,50.048977,2253800
2017-09-14,55.150002,55.259998,54.669998,55.049999,49.831726,3128100
2017-09-15,55.040001,55.849998,54.930000,55.799999,50.510632,4350200
2017-09-18,55.820000,56.540001,55.700001,56.430000,51.080914,4519400
2017-09-19,56.180000,56.299999,55.189999,55.380001,50.130444,6223900
2017-09-20,51.750000,53.220001,50.400002,52.169998,47.224720,16077000
2017-09-21,52.070000,52.500000,51.389999,51.689999,46.790222,6509600
2017-09-22,51.799999,52.180000,51.060001,51.230000,46.373825,4499100
2017-09-25,51.230000,52.430000,51.220001,52.270000,47.315250,4141400
2017-09-26,52.299999,52.450001,51.860001,51.970001,47.043682,2782900
2017-09-27,51.939999,52.470001,51.389999,52.430000,47.460087,4358800
2017-09-28,52.130001,52.880001,52.000000,52.259998,47.306194,2755400
2017-09-29,52.459999,52.720001,51.740002,51.759998,46.853588,4430700
2017-10-02,51.570000,51.970001,51.209999,51.810001,46.898849,4336100
2017-10-03,51.869999,51.869999,51.290001,51.320000,46.455299,3435800
2017-10-04,51.320000,52.820000,51.080002,52.009998,47.079891,5458900
2017-10-05,52.029999,52.560001,51.959999,52.090000,47.152309,3229900
2017-10-06,51.730000,51.840000,51.310001,51.400002,46.969547,2606100
2017-10-09,51.439999,51.520000,50.130001,50.189999,45.863842,4798000
2017-10-10,50.419998,50.959999,50.340000,50.950001,46.558342,3458700
2017-10-11,50.970001,51.270000,50.650002,50.869999,46.485233,3992800
2017-10-12,50.860001,51.570000,50.759998,51.270000,46.850754,3399200
2017-10-13,51.450001,51.549999,51.310001,51.529999,47.088341,3619400
2017-10-16,51.529999,51.880001,51.430000,51.810001,47.344212,2650700
2017-10-17,51.810001,51.849998,51.310001,51.700001,47.243683,3049500
2017-10-18,51.680000,52.480000,51.270000,52.250000,47.746288,5962900
2017-10-19,52.110001,52.299999,51.560001,52.029999,47.545242,3903800
2017-10-20,52.110001,52.130001,51.689999,52.009998,47.526966,3372400
2017-10-23,52.110001,52.340000,51.590000,51.669998,47.216274,2992300
2017-10-24,51.799999,52.060001,51.610001,51.790001,47.325932,3049000
2017-10-25,51.669998,51.759998,51.160000,51.529999,47.088341,2752200
2017-10-26,51.590000,52.040001,51.310001,51.759998,47.298512,3248500
2017-10-27,51.799999,51.830002,51.230000,51.570000,47.124897,2096700
2017-10-30,51.759998,51.810001,50.439999,50.660000,46.293335,5329400
2017-10-31,51.060001,52.200001,51.060001,51.919998,47.444725,4668300
2017-11-01,51.980000,52.340000,51.570000,52.029999,47.545242,2647700
2017-11-02,51.970001,52.110001,51.400002,51.759998,47.298512,2665400
2017-11-03,51.610001,51.799999,51.250000,51.340000,46.914722,1955000
2017-11-06,51.080002,51.189999,50.080002,50.099998,45.781601,3778900
2017-11-07,50.070000,51.029999,49.650002,50.970001,46.576611,3655500
2017-11-08,51.490002,52.250000,51.380001,52.240002,47.737144,3989900
2017-11-09,52.060001,52.610001,51.709999,51.779999,47.316792,3907600
2017-11-10,51.580002,53.400002,51.500000,53.279999,48.687496,5059000
2017-11-13,53.020000,53.590000,52.740002,52.970001,48.404224,3453800
2017-11-14,53.060001,54.279999,53.029999,54.119999,49.455097,5395400
2017-11-15,53.950001,54.410000,52.500000,52.529999,48.002151,4864000
2017-11-16,52.779999,53.770000,52.730000,53.669998,49.043880,3355300
2017-11-17,53.490002,53.930000,53.380001,53.720001,49.089577,4463500
2017-11-20,53.689999,54.470001,53.660000,54.240002,49.564754,3728100
2017-11-21,53.830002,54.119999,53.340000,53.520000,48.906818,3928800
2017-11-22,53.410000,53.669998,53.209999,53.650002,49.025604,2186500
2017-11-24,53.840000,53.980000,53.580002,53.650002,49.025604,1036300
2017-11-27,53.669998,54.180000,53.419998,54.049999,49.391132,3058000
2017-11-28,54.200001,54.849998,53.880001,54.840000,50.113041,3947900
2017-11-29,54.790001,56.560001,54.779999,56.340000,51.483746,5637700
2017-11-30,56.320000,56.959999,55.709999,56.560001,51.684784,6381600
2017-12-01,56.509998,56.660000,55.290001,56.459999,51.593395,4289500
2017-12-04,56.650002,57.930000,56.500000,57.860001,52.872726,6296100
2017-12-05,57.119999,58.090000,56.779999,57.250000,52.315304,4209800
2017-12-06,57.200001,57.630001,57.060001,57.410000,52.461510,2973400
2017-12-07,56.779999,57.240002,56.529999,56.689999,51.803570,3129900
2017-12-08,56.709999,56.709999,55.470001,55.840000,51.026840,3991000
2017-12-11,55.650002,55.930000,55.380001,55.889999,51.072529,3303400
2017-12-12,56.040001,56.360001,55.970001,56.060001,51.227875,2785900
2017-12-13,56.060001,56.580002,55.840000,56.470001,51.602539,4274100
2017-12-14,56.360001,56.480000,56.119999,56.130001,51.291843,2842700
2017-12-15,56.380001,57.169998,56.160000,56.889999,51.986328,9335800
2017-12-18,57.500000,58.099998,57.430000,57.799999,52.817898,5170400
2017-12-19,57.950001,58.380001,57.560001,57.630001,52.662552,5604900
2017-12-20,58.099998,59.029999,56.630001,58.759998,53.695145,6879100
2017-12-21,58.950001,60.080002,58.779999,59.529999,54.398781,7547600
2017-12-22,59.669998,60.189999,59.630001,60.130001,54.947063,6498100
2017-12-26,60.040001,60.320000,59.950001,60.119999,54.937923,2224600
2017-12-27,60.000000,60.590000,59.930000,60.180000,54.992756,2292400
2017-12-28,60.099998,60.169998,59.340000,59.549999,54.417053,2237800
2017-12-29,59.490002,60.150002,59.279999,59.290001,54.179466,2450700
2018-01-02,59.430000,59.509998,58.549999,59.040001,53.951012,4103600
2018-01-03,59.590000,59.619999,58.709999,58.730000,53.667740,3118800
2018-01-04,59.009998,59.610001,58.630001,59.410000,54.289124,3211100
2018-01-05,59.580002,59.950001,59.320000,59.919998,54.755157,2308100
2018-01-08,59.779999,60.200001,59.570000,60.119999,54.937923,3332700
2018-01-09,59.680000,59.680000,59.200001,59.320000,54.652309,2865600
2018-01-10,58.889999,58.959999,58.360001,58.630001,54.016602,3097200
2018-01-11,58.700001,58.790001,57.919998,58.090000,53.519093,2878400
2018-01-12,58.270000,58.340000,57.730000,57.849998,53.297981,2585300
2018-01-16,57.970001,58.750000,57.900002,58.430000,53.832344,3961500
2018-01-17,58.669998,59.490002,58.490002,59.119999,54.468048,3186500
2018-01-18,59.230000,59.230000,58.369999,58.660000,54.044247,2298800
2018-01-19,58.860001,59.560001,58.630001,59.110001,54.458839,4130400
2018-01-22,59.180000,59.790001,58.990002,59.770000,55.066906,3154700
2018-01-23,59.509998,60.060001,59.180000,59.790001,55.085331,2682900
2018-01-24,59.919998,60.119999,59.720001,59.720001,55.020840,4391300
2018-01-25,59.930000,60.689999,59.549999,60.139999,55.407791,2352100
2018-01-26,60.150002,60.200001,59.400002,60.200001,55.463070,5439000
2018-01-29,60.349998,60.490002,59.520000,59.580002,54.891853,2263400
2018-01-30,59.430000,59.950001,58.570000,58.580002,53.970539,3177000
2018-01-31,58.650002,58.930000,58.220001,58.490002,53.887623,3535200
2018-02-01,58.900002,59.009998,57.720001,57.880001,53.325626,3538500
2018-02-02,57.590000,57.599998,55.880001,55.950001,51.547489,4130200
2018-02-05,55.830002,56.340000,54.009998,54.009998,49.760136,4534600
2018-02-06,53.490002,55.849998,52.959999,55.779999,51.390865,5553300
2018-02-07,55.470001,56.240002,54.619999,54.650002,50.349781,3502600
2018-02-08,54.750000,55.270000,53.959999,53.990002,49.741714,3359600
2018-02-09,54.410000,55.230000,53.310001,54.720001,50.414276,3037500
2018-02-12,55.000000,55.450001,54.560001,54.919998,50.598530,2589900
2018-02-13,54.709999,55.049999,54.139999,54.790001,50.478767,2069600
2018-02-14,54.869999,56.080002,54.509998,56.029999,51.621189,3233600
2018-02-15,56.119999,56.910000,55.150002,56.889999,52.413513,2636600
2018-02-16,56.470001,56.720001,56.070000,56.430000,51.989719,3423500
2018-02-20,56.119999,56.369999,55.320000,55.950001,51.547489,4500200
2018-02-21,55.959999,56.320000,54.480000,54.480000,50.193157,5077300
2018-02-22,54.759998,55.689999,54.680000,54.950001,50.626175,3589500
2018-02-23,52.299999,53.430000,51.660000,52.980000,48.811184,11895800
2018-02-26,51.470001,52.490002,51.009998,51.419998,47.373936,10259900
2018-02-27,51.700001,51.939999,50.669998,50.779999,46.784298,11478700
2018-02-28,50.900002,51.250000,50.270000,50.549999,46.572392,7330400
2018-03-01,50.599998,51.360001,50.220001,50.570000,46.590816,8649300
2018-03-02,50.430000,51.209999,50.430000,50.939999,46.931709,3815300
2018-03-05,50.790001,51.419998,50.610001,50.619999,46.636890,5695200
2018-03-06,50.619999,51.130001,50.310001,51.060001,47.042271,6230600
2018-03-07,50.639999,51.340000,50.470001,51.060001,47.042271,4674400
2018-03-08,51.180000,51.790001,50.910000,51.700001,47.631901,4088400
2018-03-09,51.900002,51.980000,51.160000,51.450001,47.401577,2701800
2018-03-12,51.580002,52.480000,51.580002,51.970001,47.880657,3644700
2018-03-13,52.230000,52.349998,51.830002,51.990002,47.899090,4207500
2018-03-14,52.099998,52.869999,51.730000,51.810001,47.733250,4577700
2018-03-15,51.790001,52.110001,50.520000,50.930000,46.922489,5328700
2018-03-16,51.000000,51.270000,50.410000,50.490002,46.517120,8455200
2018-03-19,50.380001,50.830002,50.040001,50.209999,46.259148,4930800
2018-03-20,50.340000,50.529999,49.700001,49.930000,46.001179,6444000
2018-03-21,45.029999,46.250000,44.790001,45.509998,41.928974,25201900
2018-03-22,45.430000,45.939999,44.439999,44.450001,40.952381,11606900
2018-03-23,44.959999,45.680000,44.150002,44.209999,40.731270,10248600
2018-03-26,44.630001,45.480000,44.599998,45.299999,41.735497,9082700
2018-03-27,45.599998,46.430000,44.959999,45.310001,41.744717,9419100
2018-03-28,43.959999,45.049999,43.959999,44.349998,40.860249,19133200
2018-03-29,44.830002,45.259998,44.570000,45.060001,41.514381,7767500
2018-04-02,45.000000,45.119999,43.840000,44.090000,40.620705,9616600
2018-04-03,44.310001,44.490002,43.860001,44.299999,40.814186,6313900
2018-04-04,44.080002,45.549999,43.939999,45.369999,41.799988,10253000
2018-04-05,45.509998,45.680000,45.110001,45.430000,41.855274,5409500
2018-04-06,45.500000,45.980000,45.150002,45.470001,41.892128,6369100
2018-04-09,45.139999,45.500000,44.509998,44.950001,41.864182,5040700
2018-04-10,45.070000,45.250000,44.430000,44.509998,41.454388,6704700
2018-04-11,44.470001,45.070000,44.349998,44.869999,41.789673,4316300
2018-04-12,44.990002,45.110001,44.270000,44.580002,41.519581,3888900
2018-04-13,44.700001,45.110001,44.360001,44.799999,41.724480,4340400
2018-04-16,44.799999,45.580002,44.619999,45.240002,42.134277,3585400
2018-04-17,45.360001,45.549999,45.020000,45.259998,42.152901,3757600
2018-04-18,45.220001,45.279999,44.700001,44.730000,41.659286,3768600
2018-04-19,44.660000,44.730000,43.730000,44.029999,41.007339,8286900
2018-04-20,44.200001,44.580002,43.180000,43.410000,40.429905,5464700
2018-04-23,43.880001,44.590000,43.540001,44.560001,41.500954,5166100
2018-04-24,44.700001,44.770000,44.000000,44.369999,41.323994,6492500
2018-04-25,44.340000,44.730000,43.889999,44.040001,41.016655,5908600
2018-04-26,44.009998,44.520000,43.529999,44.369999,41.323994,4440600
2018-04-27,44.560001,44.900002,44.330002,44.520000,41.463699,3601900
2018-04-30,44.650002,44.730000,43.689999,43.740002,40.737251,4635400
2018-05-01,43.880001,43.930000,43.200001,43.549999,40.560291,4366000
2018-05-02,43.470001,43.470001,42.340000,42.490002,39.573063,5543800
2018-05-03,42.520000,42.529999,41.009998,41.209999,38.380936,9867100
2018-05-04,41.250000,42.820000,41.250000,42.540001,39.619633,6150700
2018-05-07,42.540001,42.630001,41.919998,42.340000,39.433357,4190800
2018-05-08,42.119999,42.340000,41.910000,42.299999,39.396107,3704400
2018-05-09,42.490002,42.810001,42.180000,42.509998,39.591682,2989900
2018-05-10,42.669998,42.919998,42.509998,42.619999,39.694141,3703300
2018-05-11,42.730000,42.959999,42.389999,42.660000,39.731388,3249400
2018-05-14,42.709999,42.750000,42.410000,42.529999,39.610313,4398800
2018-05-15,42.439999,43.070000,42.139999,42.490002,39.573063,4588600
2018-05-16,42.709999,43.049999,42.450001,43.049999,40.094620,3468500
2018-05-17,42.910000,43.150002,42.570000,42.810001,39.871094,3686700
2018-05-18,42.180000,42.200001,41.060001,41.820000,38.949055,7512300
2018-05-21,41.930000,42.189999,41.450001,41.770000,38.902493,4815600
2018-05-22,41.939999,42.070000,41.660000,41.930000,39.051502,5184100
2018-05-23,41.919998,42.299999,41.880001,42.290001,39.386795,3853300
2018-05-24,42.250000,42.380001,41.840000,42.200001,39.302971,4104200
2018-05-25,42.259998,43.160000,42.259998,42.639999,39.712765,3901400
2018-05-29,42.439999,42.880001,42.310001,42.480000,39.563747,5404800
2018-05-30,42.630001,43.119999,42.320000,42.900002,39.954918,5289200
2018-05-31,42.750000,42.770000,42.020000,42.290001,39.386795,10900400
2018-06-01,42.389999,42.919998,42.270000,42.599998,39.675514,4189800
2018-06-04,42.950001,43.540001,42.820000,43.279999,40.308823,5105900
2018-06-05,43.389999,43.389999,42.310001,42.490002,39.573063,6784300
2018-06-06,42.650002,42.650002,41.970001,42.599998,39.675514,4650600
2018-06-07,41.950001,42.869999,41.820000,42.220001,39.321602,8108400
2018-06-08,42.380001,43.049999,42.279999,42.910000,39.964230,5084700
2018-06-11,43.099998,44.570000,43.060001,44.419998,41.370564,8167600
2018-06-12,44.529999,44.639999,43.799999,44.520000,41.463699,5146000
2018-06-13,44.500000,44.919998,44.389999,44.619999,41.556835,5782400
2018-06-14,44.700001,44.720001,44.299999,44.509998,41.454388,5219700
2018-06-15,44.349998,45.509998,44.349998,45.430000,42.311234,12354100
2018-06-18,45.720001,46.650002,44.340000,44.730000,41.659286,8514000
2018-06-19,44.599998,45.110001,44.490002,44.980000,41.892124,4150000
2018-06-20,44.860001,45.040001,44.139999,44.869999,41.789673,4102900
2018-06-21,44.799999,45.470001,44.759998,44.970001,41.882813,3882200
2018-06-22,44.950001,45.680000,44.889999,45.220001,42.115646,5853700
2018-06-25,45.360001,46.139999,45.250000,46.009998,42.851410,6909700
2018-06-26,46.020000,46.279999,45.700001,46.060001,42.897980,7207700
2018-06-27,46.500000,47.139999,45.419998,45.730000,42.590641,11075500
2018-06-28,45.500000,46.029999,44.180000,44.680000,41.612717,7967500
2018-06-29,44.709999,44.720001,43.770000,44.259998,41.221554,6546600
2018-07-02,44.020000,44.160000,43.360001,43.439999,40.457844,7075600
2018-07-03,43.599998,43.900002,43.459999,43.529999,40.541664,3167600
2018-07-05,43.680000,44.840000,43.529999,44.840000,41.761734,6755300
2018-07-06,45.000000,45.410000,44.639999,45.040001,41.948002,4302600
2018-07-09,44.549999,44.900002,44.209999,44.310001,41.722019,3777200
2018-07-10,44.310001,44.720001,43.799999,44.689999,42.079826,6012200
2018-07-11,44.599998,44.910000,44.320000,44.689999,42.079826,4057300
2018-07-12,44.740002,45.160000,44.369999,44.580002,41.976254,4524800
2018-07-13,44.700001,45.029999,44.610001,44.910000,42.286972,2922300
2018-07-16,44.970001,44.970001,43.849998,43.959999,41.392464,3954200
2018-07-17,43.910000,44.419998,43.880001,44.230000,41.646694,3485800
2018-07-18,44.150002,44.189999,43.029999,43.090000,40.573273,4526400
2018-07-19,43.029999,43.430000,42.820000,43.349998,40.818092,4363800
2018-07-20,43.349998,43.570000,43.130001,43.360001,40.827511,3427400
2018-07-23,43.299999,43.349998,42.720001,42.889999,40.384956,2988000
2018-07-24,42.860001,43.240002,42.650002,43.090000,40.573273,4801600
2018-07-25,43.259998,43.639999,42.980000,43.549999,41.006409,3375900
2018-07-26,43.790001,44.689999,43.790001,44.169998,41.590199,3849900
2018-07-27,44.360001,45.029999,44.250000,44.980000,42.352890,5342300
2018-07-30,44.680000,45.990002,44.619999,45.919998,43.237980,5746400
2018-07-31,46.060001,46.360001,45.700001,46.060001,43.369812,7127700
2018-08-01,46.049999,46.189999,45.070000,45.080002,42.447052,5684200
2018-08-02,44.990002,45.790001,44.400002,45.740002,43.068504,5298600
2018-08-03,45.930000,47.770000,45.770000,47.240002,44.480892,8204100
2018-08-06,47.200001,47.520000,46.950001,47.099998,44.349068,4034300
2018-08-07,47.099998,47.099998,46.299999,46.480000,43.765282,4347400
2018-08-08,46.599998,46.599998,45.160000,45.220001,42.578869,6007900
2018-08-09,45.250000,45.520000,45.029999,45.270000,42.625954,2498100
2018-08-10,45.130001,45.439999,44.770000,45.180000,42.541203,2566300
2018-08-13,45.459999,45.520000,44.930000,45.470001,42.814270,3489500
2018-08-14,45.669998,46.180000,45.610001,45.799999,43.124996,3093900
2018-08-15,45.779999,46.439999,45.419998,46.230000,43.529881,4976800
2018-08-16,46.320000,47.049999,46.290001,46.599998,43.878269,4127700
2018-08-17,46.419998,47.270000,46.419998,47.209999,44.452644,3374000
2018-08-20,47.250000,47.709999,47.169998,47.580002,44.801033,3717700
2018-08-21,47.459999,47.490002,46.060001,46.130001,43.435719,3774600
2018-08-22,46.000000,46.049999,45.360001,45.750000,43.077923,2936200
2018-08-23,45.450001,45.880001,45.250000,45.590000,42.927265,2788000
2018-08-24,45.639999,46.220001,45.480000,45.980000,43.294479,2231400
2018-08-27,46.110001,46.270000,45.759998,45.869999,43.190910,2179700
2018-08-28,45.840000,45.959999,45.279999,45.380001,42.729523,2499700
2018-08-29,45.380001,45.689999,45.209999,45.680000,43.012001,2275500
2018-08-30,45.490002,45.860001,45.270000,45.639999,42.974335,2681000
2018-08-31,45.820000,46.340000,45.720001,46.009998,43.322731,3628900
2018-09-04,46.000000,46.259998,45.779999,45.919998,43.237980,4056400
2018-09-05,45.660000,46.380001,45.259998,45.549999,42.889599,6033200
2018-09-06,45.560001,47.139999,45.549999,47.009998,44.264324,4913000
2018-09-07,46.790001,47.610001,46.590000,47.549999,44.772781,3982900
2018-09-10,47.639999,48.090000,47.240002,47.430000,44.659794,3285900
2018-09-11,47.369999,47.430000,46.570000,46.750000,44.019508,4303600
2018-09-12,46.779999,47.590000,46.750000,47.509998,44.735123,2651300
2018-09-13,47.669998,47.779999,47.250000,47.590000,44.810444,3015900
2018-09-14,47.570000,47.759998,47.220001,47.750000,44.961102,4884200
2018-09-17,47.500000,48.110001,47.500000,47.770000,44.979939,7788400
2018-09-18,46.560001,46.970001,43.570000,44.130001,41.552540,16268000
2018-09-19,44.340000,45.320000,43.959999,44.270000,41.684361,10130000
2018-09-20,44.410000,44.580002,44.160000,44.369999,41.778515,6018800
2018-09-21,44.560001,45.020000,44.130001,44.459999,41.863255,8076200
2018-09-24,44.389999,44.830002,43.970001,44.009998,41.439537,3365600
2018-09-25,44.029999,44.270000,43.619999,43.779999,41.222977,3735500
2018-09-26,43.849998,44.049999,43.630001,43.700001,41.147655,3669500
2018-09-27,43.360001,43.759998,42.869999,43.029999,40.516781,4580400
2018-09-28,43.080002,43.160000,42.610001,42.919998,40.413208,4950000
2018-10-01,42.970001,43.060001,42.480000,42.669998,40.177807,5797200
2018-10-02,42.990002,43.549999,42.700001,43.220001,40.695690,4008900
2018-10-03,43.529999,43.740002,42.900002,43.000000,40.488533,4350500
2018-10-04,42.869999,43.419998,42.650002,43.340000,40.808678,3368100
2018-10-05,43.349998,43.740002,43.330002,43.490002,40.949913,4341100
2018-10-08,43.560001,44.480000,43.419998,44.389999,41.797348,4931600
2018-10-09,43.900002,44.029999,43.060001,43.290001,41.216564,3639200
2018-10-10,43.240002,44.689999,43.099998,43.939999,41.835430,6114800
2018-10-11,44.029999,44.189999,42.660000,42.849998,40.797638,5175900
2018-10-12,43.029999,43.230000,42.439999,43.099998,41.035667,4272300
2018-10-15,43.110001,43.889999,43.080002,43.570000,41.483158,3148600
2018-10-16,43.570000,44.419998,43.410000,44.369999,42.244839,4004400
2018-10-17,44.200001,44.459999,43.750000,44.060001,41.949688,2857200
2018-10-18,44.160000,44.430000,43.570000,43.650002,41.559322,3092900
2018-10-19,43.910000,44.770000,43.910000,44.540001,42.406696,3852000
2018-10-22,44.529999,44.900002,43.860001,44.150002,42.035378,3436500
2018-10-23,44.020000,44.599998,43.730000,44.490002,42.359093,4377600
2018-10-24,44.500000,45.400002,44.490002,44.820000,42.673286,4000800
2018-10-25,44.630001,45.000000,44.110001,44.470001,42.340050,4140800
2018-10-26,44.410000,44.930000,43.250000,43.520000,41.435551,5142600
2018-10-29,43.750000,44.680000,43.750000,44.139999,42.025852,5483700
2018-10-30,44.540001,45.560001,44.349998,45.500000,43.320717,7296600
2018-10-31,44.680000,44.680000,43.119999,43.799999,41.702141,6805400
2018-11-01,43.950001,44.509998,43.720001,44.320000,42.197231,4365500
2018-11-02,43.869999,44.070000,41.740002,42.169998,40.150208,9583100
2018-11-05,42.270000,43.299999,42.259998,42.970001,40.911892,5852700
2018-11-06,42.880001,43.939999,42.740002,43.820000,41.721180,3773300
2018-11-07,43.990002,44.060001,43.130001,43.849998,41.749744,3631700
2018-11-08,43.700001,44.549999,43.700001,44.439999,42.311485,3676800
2018-11-09,44.480000,45.419998,44.480000,45.310001,43.139816,4825500
2018-11-12,45.250000,46.130001,45.250000,45.680000,43.492092,4211500
2018-11-13,45.689999,46.330002,45.200001,45.480000,43.301674,3719500
2018-11-14,45.250000,45.830002,45.009998,45.299999,43.130295,3837600
2018-11-15,44.889999,45.419998,44.490002,45.230000,43.063648,4013400
2018-11-16,45.180000,45.470001,44.110001,44.180000,42.063934,6056400
2018-11-19,44.230000,44.779999,43.689999,44.230000,42.111542,6875900
2018-11-20,44.480000,45.099998,43.980000,44.180000,42.063934,3717300
2018-11-21,44.119999,44.150002,43.090000,43.310001,41.235611,4111900
2018-11-23,43.389999,43.639999,43.040001,43.369999,41.292736,1114600
2018-11-26,43.389999,43.639999,42.320000,42.380001,40.350151,4636800
2018-11-27,42.230000,42.650002,41.889999,42.450001,40.416798,4094100
2018-11-28,41.950001,41.959999,41.369999,41.880001,39.874100,5269500
2018-11-29,41.849998,42.380001,41.700001,42.209999,40.188293,6458000
2018-11-30,42.110001,42.590000,41.990002,42.310001,40.283504,6085200
2018-12-03,42.060001,42.340000,41.060001,41.500000,39.512306,7978500
2018-12-04,41.660000,41.950001,40.209999,40.270000,38.341213,8535300
2018-12-06,40.340000,40.380001,39.320000,39.730000,37.827080,12064800
2018-12-07,39.560001,39.700001,38.169998,38.480000,36.636951,10226800
2018-12-10,38.740002,38.939999,38.080002,38.540001,36.694073,6664800
2018-12-11,38.709999,39.450001,38.450001,38.730000,36.874973,6570100
2018-12-12,38.939999,39.310001,38.509998,38.560001,36.713120,9250000
2018-12-13,38.560001,38.680000,38.070000,38.119999,36.294189,7061000
2018-12-14,38.009998,38.070000,37.220001,37.380001,35.589634,6719500
2018-12-17,37.410000,37.700001,36.419998,36.740002,34.980289,8633300
2018-12-18,36.990002,37.340000,36.549999,36.700001,34.942204,8108700
2018-12-19,38.799999,40.380001,38.410000,38.549999,36.703594,14213500
2018-12-20,38.189999,39.230000,37.419998,39.070000,37.198689,10024600
2018-12-21,39.000000,40.419998,38.750000,38.810001,36.951141,13092200
2018-12-24,38.730000,38.860001,37.540001,37.590000,35.789577,3958000
2018-12-26,37.810001,38.430000,37.340000,38.419998,36.579819,6692700
2018-12-27,38.320000,39.029999,37.349998,39.029999,37.160603,8036100
2018-12-28,39.080002,39.459999,38.500000,38.759998,36.903534,5779600
2018-12-31,38.740002,38.990002,38.279999,38.939999,37.074913,5292900
2019-01-02,38.820000,38.939999,38.119999,38.430000,36.589344,6478900
2019-01-03,38.380001,39.410000,38.200001,39.029999,37.160603,6359800
2019-01-04,39.119999,39.939999,38.900002,39.820000,37.912766,6326100
2019-01-07,39.810001,40.740002,39.490002,40.480000,38.541157,5695600
2019-01-08,40.790001,41.220001,40.630001,41.090000,39.121937,6609400
2019-01-09,40.349998,40.779999,40.049999,40.419998,38.948486,4521300
2019-01-10,40.419998,41.439999,40.419998,41.419998,39.912083,8279800
2019-01-11,41.450001,41.820000,41.080002,41.799999,40.278252,7417400
2019-01-14,41.650002,41.799999,41.419998,41.790001,40.268616,3874400
2019-01-15,41.680000,42.060001,41.459999,41.900002,40.374615,4486300
2019-01-16,41.970001,42.299999,41.689999,42.270000,40.731144,4905600
2019-01-17,42.279999,43.049999,42.200001,42.970001,41.405655,4664400
2019-01-18,43.200001,43.700001,43.020000,43.470001,41.887455,5564800
2019-01-22,43.509998,43.720001,42.880001,43.240002,41.665829,9260500
2019-01-23,43.680000,44.290001,43.619999,44.009998,42.407795,5208600
2019-01-24,43.450001,44.000000,42.880001,43.520000,41.935635,4700400
2019-01-25,43.560001,44.220001,43.209999,43.290001,41.714008,7013900
2019-01-28,43.419998,43.570000,42.840000,43.549999,41.964542,3552900
2019-01-29,43.650002,43.720001,43.200001,43.580002,41.993450,3431900
2019-01-30,43.490002,44.009998,43.450001,43.709999,42.118717,3140900
2019-01-31,43.730000,44.470001,43.480000,44.439999,42.822144,4730000
2019-02-01,44.700001,45.000000,43.820000,44.240002,42.629425,5061700
2019-02-04,44.230000,44.299999,43.590000,43.830002,42.234348,3462400
2019-02-05,43.830002,44.630001,43.680000,44.610001,42.985954,4625900
2019-02-06,44.480000,44.689999,43.770000,43.849998,42.253620,3527100
2019-02-07,43.000000,44.180000,42.799999,43.860001,42.263256,4021200
2019-02-08,43.709999,43.970001,43.119999,43.950001,42.349979,3362000
2019-02-11,44.080002,44.189999,43.500000,43.990002,42.388527,4027900
2019-02-12,43.990002,44.939999,43.990002,44.840000,43.207581,4349500
2019-02-13,44.840000,44.939999,44.299999,44.470001,42.851048,2993300
2019-02-14,44.189999,44.759998,43.910000,44.529999,42.908863,2867700
2019-02-15,44.840000,45.299999,44.770000,45.040001,43.400299,4188300
2019-02-19,45.000000,45.919998,44.810001,45.740002,44.074814,5193200
2019-02-20,45.740002,47.119999,45.709999,46.950001,45.240765,6591700
2019-02-21,46.750000,47.220001,46.430000,46.950001,45.240765,5108200
2019-02-22,44.639999,46.599998,44.130001,46.580002,44.884239,9796000
2019-02-25,46.730000,46.799999,45.820000,46.200001,44.518066,6076800
2019-02-26,46.549999,47.040001,46.349998,46.860001,45.154037,6002700
2019-02-27,46.750000,47.090000,46.509998,47.090000,45.375668,5274500
2019-02-28,47.150002,47.320000,46.730000,47.130001,45.414211,4245600
2019-03-01,47.250000,47.400002,46.830002,47.220001,45.500935,3342400
2019-03-04,47.299999,47.349998,46.230000,46.779999,45.076954,3450400
2019-03-05,46.619999,47.000000,46.430000,46.820000,45.115498,3609800
2019-03-06,46.919998,47.020000,46.509998,46.810001,45.105858,2905100
2019-03-07,46.509998,46.799999,46.250000,46.400002,44.710789,3081700
2019-03-08,46.580002,46.680000,46.189999,46.560001,44.864960,2440800
2019-03-11,46.459999,46.939999,46.410000,46.910000,45.202217,3158700
2019-03-12,46.919998,47.090000,46.759998,46.830002,45.125137,3066800
2019-03-13,46.830002,47.380001,46.830002,47.080002,45.366035,3924200
2019-03-14,47.500000,47.750000,47.299999,47.459999,45.732201,5222000
2019-03-15,47.509998,47.709999,47.180000,47.509998,45.780380,8548000
2019-03-18,47.419998,47.810001,47.380001,47.619999,45.886368,4196200
2019-03-19,47.180000,47.689999,47.020000,47.240002,45.520203,5196900
2019-03-20,48.340000,49.500000,48.169998,48.290001,46.531982,12337400
2019-03-21,48.230000,50.189999,48.230000,50.040001,48.218269,7582700
2019-03-22,50.220001,50.980000,50.189999,50.740002,48.892792,5314500
2019-03-25,50.540001,51.169998,50.410000,51.090000,49.230049,3267600
2019-03-26,51.200001,51.930000,50.889999,51.799999,49.914196,3734600
2019-03-27,51.680000,51.880001,51.279999,51.299999,49.432404,4201300
2019-03-28,51.419998,51.680000,51.169998,51.490002,49.615482,4718700
2019-03-29,51.459999,51.959999,51.340000,51.750000,49.866013,4884900
2019-04-01,51.740002,51.810001,50.619999,50.990002,49.133690,6089800
2019-04-02,50.990002,51.009998,50.650002,50.980000,49.124050,4857300
2019-04-03,50.820000,50.880001,50.270000,50.290001,48.459167,5171100
2019-04-04,50.430000,50.540001,50.150002,50.259998,48.430260,3342600
2019-04-05,50.250000,50.889999,50.189999,50.880001,49.027695,3686800
2019-04-08,50.810001,51.380001,50.750000,51.310001,49.442036,3642500
2019-04-09,50.669998,51.279999,50.529999,51.029999,49.646339,4412800
2019-04-10,50.990002,51.599998,50.980000,51.549999,50.152245,4208800
2019-04-11,51.709999,51.740002,51.299999,51.560001,50.161972,2666400
2019-04-12,51.369999,51.680000,51.139999,51.580002,50.181431,1959900
2019-04-15,51.689999,51.830002,51.450001,51.720001,50.317635,2331900
2019-04-16,51.720001,52.169998,51.259998,51.470001,50.074413,3025000
2019-04-17,51.639999,51.830002,51.290001,51.750000,50.346817,2420700
2019-04-18,51.590000,51.970001,51.509998,51.720001,50.317635,2321800
2019-04-22,51.720001,51.900002,51.560001,51.750000,50.346817,1732000
2019-04-23,51.700001,52.000000,50.810001,51.009998,49.626884,4866400
2019-04-24,50.889999,51.250000,50.459999,50.680000,49.305832,5687200
2019-04-25,50.450001,50.639999,50.020000,50.220001,48.858303,4034800
2019-04-26,50.549999,51.099998,50.290001,51.090000,49.704716,2812300
2019-04-29,50.939999,51.099998,50.840000,50.939999,49.558777,2248400
2019-04-30,51.070000,51.630001,50.950001,51.470001,50.074413,4730600
2019-05-01,51.560001,51.730000,51.150002,51.310001,49.918751,3563700
2019-05-02,51.040001,51.349998,50.650002,51.259998,49.870102,2978200
2019-05-03,51.230000,51.500000,51.110001,51.180000,49.792274,2408000
2019-05-06,51.130001,51.570000,50.810001,51.450001,50.054955,2224400
2019-05-07,51.060001,51.430000,50.910000,51.189999,49.802002,3548000
2019-05-08,51.250000,51.250000,50.610001,50.869999,49.490681,2645100
2019-05-09,50.939999,51.549999,50.779999,51.410000,50.016037,3621400
2019-05-10,51.169998,51.610001,50.650002,51.540001,50.142513,2921700
2019-05-13,51.139999,51.910000,50.959999,51.790001,50.385735,3053600
2019-05-14,51.770000,52.299999,51.509998,51.970001,50.560852,3254200
2019-05-15,51.910000,52.459999,51.509998,52.410000,50.988926,2355800
2019-05-16,52.419998,53.000000,51.970001,52.099998,50.687332,5230400
2019-05-17,52.049999,52.560001,51.900002,52.400002,50.979198,3954400
2019-05-20,52.349998,52.880001,52.240002,52.709999,51.280788,4319400
2019-05-21,52.770000,52.810001,52.290001,52.389999,50.969463,3501400
2019-05-22,52.490002,52.799999,51.980000,52.709999,51.280788,2876200
2019-05-23,52.599998,53.660000,52.380001,53.430000,51.981266,6855600
2019-05-24,53.450001,53.529999,52.779999,52.810001,51.378078,3033900
2019-05-28,52.570000,52.939999,51.049999,51.090000,49.704716,7617100
2019-05-29,49.049999,49.110001,47.779999,48.250000,46.941723,11266300
2019-05-30,48.439999,48.980000,48.240002,48.820000,47.496269,5388800
2019-05-31,48.590000,49.500000,48.320000,49.439999,48.099449,4499300
2019-06-03,49.430000,50.880001,49.430000,50.639999,49.266918,4230400
2019-06-04,50.889999,51.189999,50.619999,50.880001,49.500408,4467300
2019-06-05,51.549999,51.650002,51.000000,51.279999,49.889561,4372200
2019-06-06,51.340000,51.509998,50.830002,51.330002,49.938210,3412500
2019-06-07,51.619999,52.040001,51.549999,51.810001,50.405193,2749000
2019-06-10,51.700001,51.849998,50.820000,51.340000,49.947937,2718000
2019-06-11,51.099998,52.560001,51.000000,52.369999,50.950008,4044800
2019-06-12,52.660000,52.860001,52.419998,52.610001,51.183502,3151800
2019-06-13,52.689999,53.169998,52.610001,52.990002,51.553200,2496800
2019-06-14,53.160000,53.599998,53.099998,53.410000,51.961807,2449900
2019-06-17,53.500000,53.639999,52.599998,52.980000,51.543465,2884000
2019-06-18,53.279999,53.330002,52.400002,52.450001,51.027840,3015100
2019-06-19,52.369999,53.369999,52.090000,53.320000,51.874249,3321800
2019-06-20,53.349998,54.189999,52.900002,54.020000,52.555271,4221000
2019-06-21,54.040001,54.389999,53.750000,53.770000,52.312050,7342100
2019-06-24,54.000000,54.139999,53.299999,53.669998,52.214756,3151900
2019-06-25,53.869999,54.139999,53.509998,53.700001,52.243946,5883400
2019-06-26,50.389999,51.930000,48.570000,51.310001,49.918751,15537900
2019-06-27,51.200001,52.349998,50.869999,52.220001,50.804077,5996800
2019-06-28,52.150002,53.009998,51.959999,52.520000,51.095940,6302200
2019-07-01,52.889999,53.880001,52.680000,53.330002,51.883976,5756500
2019-07-02,53.439999,53.680000,53.009998,53.549999,52.098011,3700300
2019-07-03,53.840000,54.599998,53.720001,54.340000,52.866592,4190800
2019-07-05,54.150002,54.299999,53.220001,54.180000,52.710930,2955500
2019-07-08,54.230000,54.630001,53.810001,54.049999,52.584454,3483200
2019-07-09,53.580002,53.689999,52.820000,53.310001,52.339012,3767000
2019-07-10,53.689999,54.740002,53.689999,54.500000,53.507336,5428000
2019-07-11,54.660000,54.730000,53.290001,53.560001,52.584457,5411600
2019-07-12,53.639999,53.730000,52.959999,53.439999,52.466640,3420500
2019-07-15,53.490002,53.869999,52.630001,53.119999,52.152470,3792000
2019-07-16,52.959999,53.389999,52.750000,52.860001,51.897205,5142900
2019-07-17,52.660000,53.110001,52.430000,53.049999,52.083744,3595800
2019-07-18,53.020000,53.410000,52.660000,53.279999,52.309555,3415900
2019-07-19,53.470001,53.500000,52.759998,52.770000,51.808846,2322300
2019-07-22,52.849998,52.930000,52.110001,52.459999,51.504490,2444400
2019-07-23,52.639999,52.889999,52.130001,52.389999,51.435764,3013800
2019-07-24,52.250000,52.880001,52.009998,52.840000,51.877571,3110000
2019-07-25,52.820000,53.799999,52.450001,53.730000,52.751362,4329100
2019-07-26,53.770000,53.790001,53.250000,53.639999,52.662998,2788300
2019-07-29,53.720001,53.869999,53.459999,53.700001,52.721909,2632500
2019-07-30,53.860001,53.910000,53.419998,53.680000,52.702271,2588500
2019-07-31,53.709999,53.790001,52.259998,53.110001,52.142651,4185900
2019-08-01,53.330002,54.619999,53.320000,54.009998,53.026260,4957300
2019-08-02,54.020000,54.220001,53.330002,53.700001,52.721909,3521400
2019-08-05,53.529999,53.830002,52.360001,52.810001,51.848118,3763000
2019-08-06,52.700001,53.000000,52.110001,52.509998,51.553581,3499500
2019-08-07,52.380001,53.150002,51.619999,52.919998,51.956112,3183200
2019-08-08,52.439999,54.060001,52.250000,54.020000,53.036079,3147000
2019-08-09,53.980000,54.480000,53.730000,53.919998,52.937897,2579200
2019-08-12,53.919998,54.380001,53.610001,54.270000,53.281525,2930700
2019-08-13,54.389999,54.730000,54.080002,54.380001,53.389523,2970100
2019-08-14,54.259998,54.630001,53.590000,53.770000,52.790630,3562200
2019-08-15,53.970001,54.720001,53.509998,54.330002,53.340431,3398600
2019-08-16,54.849998,55.290001,54.639999,55.020000,54.017864,4339100
2019-08-19,55.080002,55.430000,54.660000,55.200001,54.194588,4191800
2019-08-20,55.009998,55.040001,54.250000,54.290001,53.301159,3067100
2019-08-21,54.619999,54.840000,54.220001,54.380001,53.389523,2843300
2019-08-22,54.410000,54.830002,54.220001,54.680000,53.684055,2022100
2019-08-23,54.790001,54.830002,53.369999,53.630001,52.653183,2715900
2019-08-26,53.830002,54.139999,53.650002,53.980000,52.996807,3758200
2019-08-27,53.419998,53.490002,51.250000,51.910000,50.964508,6000000
2019-08-28,52.029999,53.180000,51.980000,53.119999,52.152470,3444700
2019-08-29,53.419998,53.540001,52.869999,53.349998,52.378281,2194300
2019-08-30,53.730000,54.380001,53.500000,53.799999,52.820084,3400600
2019-09-03,53.779999,54.340000,53.389999,54.299999,53.310978,3414900
2019-09-04,54.500000,54.590000,53.490002,54.310001,53.320797,3766900
2019-09-05,54.490002,54.580002,53.970001,54.160000,53.173527,2622500
2019-09-06,54.200001,55.209999,54.070000,54.959999,53.958954,3391800
2019-09-09,55.049999,56.400002,54.619999,55.590000,54.577484,6216000
2019-09-10,55.250000,55.810001,54.099998,54.529999,53.536789,4662400
2019-09-11,54.330002,54.759998,53.860001,54.320000,53.330612,4218100
2019-09-12,54.730000,55.020000,54.049999,54.090000,53.104805,3246900
2019-09-13,53.799999,54.580002,53.740002,53.970001,52.986988,2971200
2019-09-16,53.700001,54.910000,53.680000,54.540001,53.546604,3409800
2019-09-17,54.470001,55.619999,54.389999,55.029999,54.027679,4909300
2019-09-18,55.639999,55.930000,53.630001,54.529999,53.536789,6600700
2019-09-19,54.380001,54.740002,54.119999,54.389999,53.399338,4449200
2019-09-20,54.529999,54.580002,54.189999,54.330002,53.340431,6122400
2019-09-23,54.490002,54.900002,53.849998,53.900002,52.918262,2165300
2019-09-24,54.160000,54.639999,53.750000,54.180000,53.193161,3315100
2019-09-25,54.299999,54.549999,53.980000,54.169998,53.183342,2830700
2019-09-26,54.310001,55.000000,54.270000,54.990002,53.988411,2417000
2019-09-27,55.000000,55.020000,54.360001,54.869999,53.870598,2083500
2019-09-30,54.980000,55.590000,54.900002,55.119999,54.116039,2609000
2019-10-01,55.130001,55.430000,54.270000,54.389999,53.399338,2448400
2019-10-02,54.220001,54.400002,52.790001,52.910000,51.946297,3764500
2019-10-03,53.200001,53.570000,52.790001,53.369999,52.397919,2953700
2019-10-04,53.580002,54.299999,53.419998,54.299999,53.310978,4293800
2019-10-07,54.070000,54.650002,53.810001,54.500000,53.507336,2377900
2019-10-08,54.430000,54.430000,53.759998,54.150002,53.163708,3465500
2019-10-09,53.799999,54.369999,53.669998,54.160000,53.659084,3612000
2019-10-10,53.950001,54.849998,53.910000,54.610001,54.104923,2623200
2019-10-11,54.810001,54.810001,53.910000,54.349998,53.847328,3114200
2019-10-14,54.400002,54.580002,53.840000,54.009998,53.510471,4744200
2019-10-15,54.099998,54.200001,53.389999,53.610001,53.114174,3847800
2019-10-16,53.599998,53.660000,52.610001,52.650002,52.163052,4073200
2019-10-17,52.529999,53.020000,52.150002,52.959999,52.470184,3414300
2019-10-18,52.880001,53.049999,52.380001,52.549999,52.063976,3064400
2019-10-21,52.360001,52.740002,52.200001,52.509998,52.024345,1927000
2019-10-22,52.570000,52.599998,50.970001,51.090000,50.617477,4014300
2019-10-23,51.060001,51.410000,50.810001,51.180000,50.706646,2954300
2019-10-24,51.080002,51.299999,50.520000,51.110001,50.637295,2314900
2019-10-25,51.150002,51.310001,50.090000,50.509998,50.042843,2898000
2019-10-28,50.509998,50.599998,49.970001,50.000000,49.537560,3350600
2019-10-29,50.400002,51.020000,50.070000,50.459999,49.993305,3127900
2019-10-30,50.830002,50.830002,50.130001,50.709999,50.240993,4417500
2019-10-31,50.840000,51.369999,50.410000,50.860001,50.389606,3710700
2019-11-01,50.990002,51.380001,50.919998,51.180000,50.706646,2746600
2019-11-04,51.200001,51.529999,51.020000,51.380001,50.904797,2526300
2019-11-05,51.389999,51.630001,51.200001,51.590000,51.112854,3022800
2019-11-06,51.799999,52.910000,51.650002,52.470001,51.984718,4153600
2019-11-07,52.139999,52.669998,51.750000,51.980000,51.499249,3273400
2019-11-08,51.919998,52.509998,51.770000,52.500000,52.014439,2656300
2019-11-11,52.450001,52.459999,52.130001,52.360001,51.875732,2362900
2019-11-12,52.220001,52.430000,51.939999,52.360001,51.875732,1958700
2019-11-13,52.500000,53.049999,52.330002,52.599998,52.113510,2407800
2019-11-14,52.860001,52.959999,52.360001,52.529999,52.044159,1850000
2019-11-15,52.509998,52.630001,52.340000,52.560001,52.073883,2098500
2019-11-18,52.580002,53.200001,52.209999,52.889999,52.400829,1987400
2019-11-19,53.000000,53.060001,52.790001,52.910000,52.420647,2484700
2019-11-20,52.950001,53.189999,52.660000,53.169998,52.678242,2240100
2019-11-21,53.000000,53.060001,52.250000,52.340000,51.855919,1797100
2019-11-22,52.480000,52.910000,52.240002,52.689999,52.202679,2097600
2019-11-25,52.889999,52.889999,52.480000,52.720001,52.232407,2496300
2019-11-26,52.820000,53.340000,52.599998,53.299999,52.807037,2533900
2019-11-27,53.439999,53.720001,53.200001,53.480000,52.985374,1884100
2019-11-29,53.459999,53.549999,52.919998,53.320000,52.826855,1144300
2019-12-02,53.099998,53.610001,52.720001,53.480000,52.985374,2339500
2019-12-03,53.669998,53.790001,53.139999,53.650002,53.153805,3607400
2019-12-04,53.509998,53.980000,53.230000,53.299999,52.807037,3146700
2019-12-05,53.099998,53.900002,53.049999,53.900002,53.401493,3123800
2019-12-06,53.970001,53.990002,53.230000,53.310001,52.816948,2815000
2019-12-09,53.439999,53.470001,52.980000,53.160000,52.668335,2766900
2019-12-10,53.220001,53.439999,53.020000,53.240002,52.747597,3566500
2019-12-11,53.070000,53.230000,51.360001,51.580002,51.102947,5365200
2019-12-12,51.950001,52.450001,51.590000,51.660000,51.182209,4398700
2019-12-13,51.590000,51.990002,51.270000,51.599998,51.122761,4405300
2019-12-16,51.820000,52.590000,51.730000,52.380001,51.895550,5553600
2019-12-17,52.209999,52.619999,51.930000,52.169998,51.687489,4612600
2019-12-18,52.680000,53.360001,51.919998,53.180000,52.688148,9596200
2019-12-19,53.480000,53.599998,52.529999,53.200001,52.707966,5892200
2019-12-20,53.750000,53.790001,53.060001,53.279999,52.787224,7900100
2019-12-23,53.490002,53.660000,52.580002,52.720001,52.232407,3088500
2019-12-24,52.820000,52.980000,52.730000,52.980000,52.489998,811200
2019-12-26,52.980000,53.049999,52.250000,52.419998,51.935177,2843600
2019-12-27,52.560001,53.189999,52.459999,53.189999,52.698055,2017400
2019-12-30,52.939999,53.099998,52.599998,52.740002,52.252220,2578300
2019-12-31,52.750000,53.560001,52.599998,53.560001,53.064636,3945800
2020-01-02,53.630001,53.799999,52.040001,52.130001,51.647861,4422100
2020-01-03,52.230000,52.520000,51.820000,51.939999,51.459618,4718900
2020-01-06,52.080002,52.730000,51.980000,52.590000,52.103607,3884700
2020-01-07,52.299999,52.490002,51.939999,52.230000,51.746937,4274300
2020-01-08,52.490002,53.060001,52.279999,52.980000,52.489998,4143400
2020-01-09,52.259998,52.660000,51.970001,52.380001,52.380001,3842000
2020-01-10,52.490002,52.520000,52.180000,52.250000,52.250000,2274400
2020-01-13,52.369999,53.060001,52.299999,53.060001,53.060001,3670300
2020-01-14,53.099998,53.310001,52.759998,53.000000,53.000000,3351700
2020-01-15,52.959999,53.570000,52.930000,53.369999,53.369999,3213100
2020-01-16,53.529999,53.939999,53.349998,53.720001,53.720001,4395300
2020-01-17,53.910000,53.950001,53.599998,53.849998,53.849998,3231500
2020-01-21,53.759998,54.419998,53.709999,54.340000,54.340000,5254100
2020-01-22,54.299999,54.570000,53.959999,53.980000,53.980000,2976800
2020-01-23,53.830002,54.410000,53.799999,54.240002,54.240002,2905500
2020-01-24,54.369999,54.369999,53.470001,53.709999,53.709999,2554400
2020-01-27,53.330002,53.730000,53.160000,53.220001,53.220001,2547000
2020-01-28,53.130001,53.540001,52.959999,53.009998,53.009998,2553700
2020-01-29,53.020000,53.480000,52.830002,53.029999,53.029999,2680000
2020-01-30,53.049999,53.820000,53.000000,53.730000,53.730000,2802500
2020-01-31,53.610001,53.759998,52.090000,52.220001,52.220001,4695800
2020-02-03,52.610001,53.040001,52.439999,52.990002,52.990002,4367100
2020-02-04,53.349998,53.650002,52.549999,52.549999,52.549999,3889800
2020-02-05,52.619999,52.939999,52.060001,52.560001,52.560001,4967400
2020-02-06,52.320000,52.500000,51.560001,51.709999,51.709999,4006900
2020-02-07,51.770000,51.959999,51.480000,51.900002,51.900002,2470800
2020-02-10,51.900002,52.480000,51.840000,52.360001,52.360001,2147900
2020-02-11,52.410000,52.869999,52.259998,52.759998,52.759998,2731900
2020-02-12,52.750000,53.049999,52.540001,52.930000,52.930000,3174200
2020-02-13,52.900002,53.029999,52.520000,52.990002,52.990002,2405900
2020-02-14,53.169998,53.770000,53.049999,53.310001,53.310001,2525400
2020-02-18,52.500000,53.779999,52.500000,53.540001,53.540001,3181500
2020-02-19,53.560001,53.570000,52.830002,53.240002,53.240002,4543100
2020-02-20,53.200001,54.160000,53.009998,54.130001,54.130001,4830500
2020-02-21,54.029999,55.180000,53.880001,53.919998,53.919998,5010600
2020-02-24,53.320000,53.919998,53.000000,53.720001,53.720001,4159600
2020-02-25,53.680000,53.959999,52.480000,52.529999,52.529999,3947500
2020-02-26,52.759998,53.599998,52.139999,52.139999,52.139999,3366700
2020-02-27,51.810001,52.259998,50.130001,50.139999,50.139999,5097500
2020-02-28,48.869999,49.009998,46.590000,49.000000,49.000000,10113600
2020-03-02,49.209999,51.410000,48.860001,51.410000,51.410000,7603400
2020-03-03,51.400002,53.060001,51.060001,51.650002,51.650002,7073000
2020-03-04,52.490002,54.169998,52.299999,54.169998,54.169998,4298100
2020-03-05,53.439999,54.459999,53.189999,54.299999,54.299999,5406600
2020-03-06,52.599998,55.020000,52.439999,54.770000,54.770000,6130000
2020-03-09,51.669998,55.020000,51.630001,54.139999,54.139999,8204100
2020-03-10,54.669998,55.680000,51.869999,54.090000,54.090000,7927800
2020-03-11,52.860001,53.349998,51.349998,52.869999,52.869999,8693500
2020-03-12,49.200001,50.869999,47.529999,50.000000,50.000000,9145700
2020-03-13,52.950001,53.750000,50.020000,53.480000,53.480000,9723900
2020-03-16,49.400002,55.860001,48.750000,53.380001,53.380001,13060100
2020-03-17,53.959999,60.000000,52.930000,59.669998,59.669998,17279000
2020-03-18,57.650002,59.959999,54.060001,57.750000,57.750000,11170500
2020-03-19,58.189999,58.730000,53.189999,53.680000,53.680000,7293600
2020-03-20,53.000000,54.279999,51.220001,53.369999,53.369999,11007300
2020-03-23,52.340000,53.360001,46.880001,47.279999,47.279999,8448300
2020-03-24,49.029999,50.180000,47.110001,48.230000,48.230000,7348200
2020-03-25,48.119999,49.200001,46.950001,47.650002,47.650002,6019500
2020-03-26,47.810001,50.500000,47.380001,50.000000,50.000000,5600200
2020-03-27,48.990002,51.150002,48.950001,50.740002,50.740002,1621160