Date,Open,High,Low,Close,Adj Close,Volume
2000-01-03,30.125000,30.500000,29.500000,29.875000,16.248468,768600
2000-01-04,29.625000,29.750000,28.687500,28.812500,15.670599,694100
2000-01-05,28.750000,29.125000,27.875000,28.562500,15.534624,862900
2000-01-06,28.000000,29.125000,28.000000,28.812500,15.670599,1092200
2000-01-07,29.125000,29.375000,28.812500,29.250000,15.908546,1008900
2000-01-10,29.187500,29.250000,27.875000,28.312500,15.398664,753000
2000-01-11,28.125000,29.000000,28.000000,28.937500,15.738579,825400
2000-01-12,29.125000,29.187500,28.062500,28.187500,15.330670,984200
2000-01-13,28.187500,28.187500,27.437500,27.437500,14.922755,682400
2000-01-14,27.187500,27.250000,26.437500,26.562500,14.446865,838000
2000-01-18,26.312500,27.750000,26.125000,27.625000,15.024735,1148000
2000-01-19,27.000000,27.562500,26.625000,26.812500,14.582832,1211600
2000-01-20,26.687500,26.687500,25.250000,25.812500,14.038947,882500
2000-01-21,26.500000,26.500000,24.875000,25.000000,13.597042,1115800
2000-01-24,24.750000,25.250000,23.875000,24.125000,13.121150,1127400
2000-01-25,24.000000,24.156250,23.750000,23.937500,13.019174,1027100
2000-01-26,23.500000,24.875000,23.375000,24.812500,13.495062,1018400
2000-01-27,26.250000,26.250000,24.125000,24.500000,13.325105,1061800
2000-01-28,24.500000,24.625000,23.625000,23.937500,13.019174,865200
2000-01-31,24.250000,24.750000,23.687500,24.250000,13.189136,887000
2000-02-01,24.500000,25.000000,24.187500,24.562500,13.359097,827300
2000-02-02,24.312500,24.375000,23.812500,23.937500,13.019174,543000
2000-02-03,23.937500,24.125000,23.375000,24.000000,13.053167,716700
2000-02-04,24.125000,24.125000,23.062500,23.375000,12.713240,554900
2000-02-07,23.625000,23.625000,22.562500,22.812500,12.407305,765100
2000-02-08,23.062500,23.437500,22.750000,23.437500,12.747231,804600
2000-02-09,23.250000,23.750000,22.375000,22.812500,12.407305,640000
2000-02-10,22.562500,22.750000,21.812500,21.875000,11.897420,625300
2000-02-11,21.875000,21.875000,20.750000,21.062500,11.455515,1430200
2000-02-14,21.062500,21.312500,20.750000,21.250000,11.557491,1030300
2000-02-15,21.250000,23.250000,21.062500,23.062500,12.543276,1340900
2000-02-16,23.062500,23.250000,22.437500,22.625000,12.305326,969000
2000-02-17,22.375000,23.125000,22.000000,22.937500,12.475294,880100
2000-02-18,22.750000,22.875000,22.000000,22.187500,12.067389,576500
2000-02-22,22.312500,24.000000,22.062500,24.000000,13.053167,1052800
2000-02-23,23.750000,23.812500,22.812500,23.625000,12.849210,1442100
2000-02-24,23.812500,23.812500,21.937500,22.312500,12.135368,1436300
2000-02-25,22.125000,22.375000,20.812500,21.000000,11.548324,1993600
2000-02-28,21.000000,23.250000,20.812500,23.187500,12.751274,2223900
2000-02-29,23.250000,25.625000,23.250000,25.312500,13.919858,2185100
2000-03-01,24.625000,25.000000,23.250000,23.750000,13.060610,1096900
2000-03-02,23.750000,23.812500,22.437500,22.812500,12.545053,694700
2000-03-03,23.000000,24.250000,22.687500,23.812500,13.094975,741700
2000-03-06,23.937500,23.937500,22.375000,22.937500,12.613795,812200
2000-03-07,22.750000,23.125000,22.375000,22.687500,12.476314,1076500
2000-03-08,22.750000,24.062500,22.250000,23.812500,13.094975,1266300
2000-03-09,23.562500,23.875000,22.562500,23.500000,12.923128,857700
2000-03-10,23.375000,23.375000,22.687500,22.937500,12.613795,706700
2000-03-13,22.875000,23.500000,22.312500,23.437500,12.888758,649200
2000-03-14,23.312500,24.125000,22.875000,23.625000,12.991866,1059400
2000-03-15,23.062500,26.312500,23.000000,26.187500,14.401038,1569700
2000-03-16,27.000000,27.875000,26.687500,27.125000,14.916580,1889600
2000-03-17,27.125000,27.125000,25.062500,25.562500,14.057336,1389000
2000-03-20,27.000000,27.000000,25.562500,25.937500,14.263552,810000
2000-03-21,26.125000,26.687500,25.750000,26.562500,14.607256,788400
2000-03-22,26.750000,26.750000,25.062500,25.375000,13.954224,688600
2000-03-23,25.125000,25.187500,24.375000,25.062500,13.782383,1049200
2000-03-24,25.000000,25.062500,24.312500,24.500000,13.473045,729600
2000-03-27,24.500000,24.562500,23.750000,24.125000,13.266830,476900
2000-03-28,24.125000,24.125000,23.250000,23.875000,13.129348,711000
2000-03-29,24.375000,25.500000,24.125000,25.312500,13.919858,736200
2000-03-30,25.187500,26.437500,25.062500,26.000000,14.297926,969100
2000-03-31,26.000000,26.000000,25.250000,25.750000,14.160439,820300
2000-04-03,25.625000,25.625000,24.500000,25.187500,13.851123,705600
2000-04-04,25.437500,26.500000,24.375000,26.250000,14.435410,1409000
2000-04-05,26.875000,27.687500,26.250000,26.500000,14.572881,846400
2000-04-06,26.500000,26.875000,26.187500,26.375000,14.504139,695200
2000-04-07,26.437500,26.687500,24.750000,25.000000,13.748008,762900
2000-04-10,25.187500,25.312500,24.687500,25.312500,13.919858,532700
2000-04-11,25.312500,25.500000,24.875000,25.437500,13.988596,604500
2000-04-12,25.500000,26.187500,25.375000,25.812500,14.194820,883000
2000-04-13,26.062500,27.000000,25.875000,26.812500,14.744735,1017300
2000-04-14,26.625000,26.937500,26.500000,26.875000,14.779105,911800
2000-04-17,26.875000,27.812500,26.500000,27.812500,15.294657,1054900
2000-04-18,27.687500,27.687500,26.750000,27.562500,15.157169,670700
2000-04-19,27.437500,27.625000,26.875000,27.437500,15.088440,666600
2000-04-20,27.375000,27.375000,26.125000,26.437500,14.538514,558800
2000-04-24,26.437500,26.437500,25.937500,26.125000,14.366668,688700
2000-04-25,26.125000,28.000000,25.187500,27.750000,15.260290,1196400
2000-04-26,27.750000,27.750000,26.187500,26.312500,14.469775,724400
2000-04-27,26.375000,26.375000,23.500000,23.875000,13.129348,2454900
2000-04-28,23.937500,24.437500,23.312500,24.250000,13.335567,1147800
2000-05-01,24.312500,25.500000,24.312500,25.125000,13.816741,1099600
2000-05-02,24.500000,24.812500,24.312500,24.812500,13.644897,670000
2000-05-03,25.750000,26.250000,25.250000,25.437500,13.988596,1591700
2000-05-04,25.625000,26.375000,25.000000,25.437500,13.988596,629200
2000-05-05,26.000000,26.187500,25.062500,25.250000,13.885485,573100
2000-05-08,25.250000,25.625000,25.000000,25.250000,13.885485,1275200
2000-05-09,24.875000,25.062500,24.750000,25.000000,13.748008,940800
2000-05-10,25.000000,25.187500,24.812500,25.000000,13.748008,596400
2000-05-11,25.000000,25.000000,24.500000,24.500000,13.473045,1098000
2000-05-12,25.000000,25.250000,24.875000,25.187500,13.851123,1047000
2000-05-15,25.437500,26.812500,25.375000,26.812500,14.744735,856500
2000-05-16,27.875000,28.625000,27.375000,27.437500,15.088440,1682900
2000-05-17,27.250000,27.812500,27.062500,27.187500,14.950956,982100
2000-05-18,27.250000,27.375000,26.750000,27.062500,14.882218,378500
2000-05-19,26.875000,28.250000,26.875000,28.000000,15.397769,750400
2000-05-22,28.062500,29.437500,28.062500,29.312500,16.119534,944600
2000-05-23,29.250000,30.750000,29.000000,30.437500,16.738195,1350900
2000-05-24,32.000000,32.000000,31.125000,31.312500,17.219378,2032700
2000-05-25,31.375000,31.375000,28.937500,29.437500,16.188280,803300
2000-05-26,29.000000,29.812500,29.000000,29.437500,16.324131,637800
2000-05-30,30.125000,30.875000,29.250000,30.875000,17.121281,778900
2000-05-31,30.625000,30.687500,29.937500,30.375000,16.844019,958800
2000-06-01,30.125000,30.437500,29.687500,30.000000,16.636066,766700
2000-06-02,30.062500,30.687500,29.625000,30.187500,16.740032,764000
2000-06-05,30.062500,30.437500,29.250000,29.437500,16.324131,396100
2000-06-06,29.437500,29.437500,28.312500,29.250000,16.220167,565400
2000-06-07,29.125000,30.000000,28.125000,29.500000,16.358801,1141200
2000-06-08,29.500000,30.437500,28.562500,30.437500,16.878672,762600
2000-06-09,30.187500,30.250000,28.375000,28.500000,15.804259,476200
2000-06-12,28.750000,29.812500,28.625000,29.593750,16.410778,660200
2000-06-13,29.750000,30.375000,29.437500,29.812500,16.532093,612400
2000-06-14,29.750000,29.875000,29.250000,29.625000,16.428114,501400
2000-06-15,29.750000,30.250000,29.562500,30.125000,16.705383,777800
2000-06-16,29.562500,29.750000,28.750000,28.937500,16.046873,789500
2000-06-19,29.000000,29.437500,28.125000,28.312500,15.700287,635100
2000-06-20,28.000000,28.000000,27.000000,27.250000,15.111094,869400
2000-06-21,27.312500,27.312500,26.375000,26.562500,14.729852,833900
2000-06-22,26.687500,27.250000,26.625000,26.812500,14.868478,565300
2000-06-23,27.062500,28.625000,27.000000,28.562500,15.838916,745300
2000-06-26,28.000000,28.937500,27.937500,28.562500,15.838916,640600
2000-06-27,28.625000,28.687500,27.500000,27.875000,15.457680,478900
2000-06-28,28.000000,28.375000,27.500000,27.906250,15.475006,431500
2000-06-29,27.750000,28.062500,27.750000,27.812500,15.423013,537400
2000-06-30,28.375000,30.250000,28.250000,29.750000,16.497437,1597400
2000-07-03,29.625000,30.750000,28.812500,30.750000,17.051971,657400
2000-07-05,30.500000,30.500000,29.750000,30.187500,16.740032,1103800
2000-07-06,30.187500,30.187500,29.125000,29.812500,16.532093,373500
2000-07-07,29.625000,30.000000,29.375000,29.812500,16.532093,449000
2000-07-10,29.562500,29.750000,28.937500,29.500000,16.358801,517100
2000-07-11,29.125000,29.687500,28.687500,29.625000,16.428114,492500
2000-07-12,29.375000,29.375000,28.812500,29.062500,16.116190,336100
2000-07-13,29.062500,29.250000,28.500000,28.937500,16.046873,298600
2000-07-14,28.625000,29.437500,28.625000,29.125000,16.150845,265100
2000-07-17,29.375000,29.375000,27.562500,28.000000,15.526997,420700
2000-07-18,28.000000,29.000000,27.500000,29.000000,16.081528,476200
2000-07-19,29.500000,29.687500,28.437500,28.937500,16.046873,529200
2000-07-20,29.000000,29.375000,28.375000,28.500000,15.804259,407600
2000-07-21,28.500000,28.687500,27.500000,27.687500,15.353705,379700
2000-07-24,27.500000,27.625000,27.125000,27.500000,15.249720,519000
2000-07-25,27.625000,28.250000,27.437500,27.937500,15.492327,381900
2000-07-26,27.687500,27.750000,27.062500,27.125000,15.041778,556600
2000-07-27,26.875000,27.437500,26.562500,26.625000,14.764512,694100
2000-07-28,26.875000,27.375000,26.000000,26.375000,14.625869,551200
2000-07-31,26.500000,26.812500,25.875000,25.937500,14.383263,601800
2000-08-01,26.000000,27.187500,25.937500,27.000000,14.972463,695300
2000-08-02,27.000000,27.000000,26.375000,26.625000,14.764512,415400
2000-08-03,26.500000,27.000000,26.125000,26.125000,14.487239,446500
2000-08-04,26.250000,26.625000,26.062500,26.375000,14.625869,437600
2000-08-07,26.250000,26.562500,25.875000,26.000000,14.417924,624700
2000-08-08,25.750000,26.125000,25.625000,25.750000,14.279290,552800
2000-08-09,25.687500,26.125000,25.375000,25.937500,14.383263,535600
2000-08-10,26.000000,27.187500,26.000000,26.687500,14.799167,865500
2000-08-11,26.812500,27.062500,26.500000,26.687500,14.799167,280300
2000-08-14,26.625000,26.687500,26.062500,26.187500,14.521895,453900
2000-08-15,26.375000,26.437500,26.062500,26.250000,14.556559,384200
2000-08-16,26.187500,26.437500,25.812500,26.000000,14.417924,455700
2000-08-17,26.000000,26.375000,25.750000,26.062500,14.452581,627800
2000-08-18,25.875000,25.937500,25.500000,25.562500,14.175313,446700
2000-08-21,25.562500,26.187500,25.562500,25.812500,14.313945,809200
2000-08-22,25.812500,25.937500,25.437500,25.625000,14.209971,411900
2000-08-23,25.750000,25.875000,25.437500,25.625000,14.209971,399700
2000-08-24,25.687500,25.875000,24.875000,24.937500,13.828732,665500
2000-08-25,25.000000,25.000000,24.437500,24.562500,13.620773,439500
2000-08-28,24.625000,25.000000,24.562500,24.562500,13.620773,439700
2000-08-29,23.500000,24.375000,23.500000,23.750000,13.304272,799900
2000-08-30,23.500000,23.625000,23.000000,23.125000,12.954166,638200
2000-08-31,23.312500,23.625000,23.062500,23.187500,12.989176,409800
2000-09-01,23.250000,23.562500,23.062500,23.125000,12.954166,447300
2000-09-05,23.125000,23.250000,22.812500,22.937500,12.849125,482600
2000-09-06,23.187500,23.312500,22.625000,22.687500,12.709088,2700500
2000-09-07,22.687500,23.125000,22.687500,23.000000,12.884144,499300
2000-09-08,23.750000,25.187500,23.375000,24.750000,13.864467,1003300
2000-09-11,24.562500,24.625000,24.062500,24.187500,13.549356,484900
2000-09-12,24.250000,25.000000,24.187500,24.687500,13.829446,507000
2000-09-13,24.875000,25.000000,24.312500,24.312500,13.619375,474300
2000-09-14,24.875000,24.875000,23.812500,24.125000,13.514339,529000
2000-09-15,24.250000,24.812500,24.000000,24.500000,13.724414,896400
2000-09-18,24.250000,24.250000,23.687500,23.875000,13.374301,523100
2000-09-19,23.875000,24.375000,23.437500,24.125000,13.514339,439000
2000-09-20,24.187500,24.250000,23.187500,23.375000,13.094203,675200
2000-09-21,23.500000,24.000000,23.375000,23.687500,13.269260,262400
2000-09-22,23.937500,24.312500,23.812500,24.187500,13.549356,370400
2000-09-25,24.500000,24.500000,23.500000,23.625000,13.234252,374600
2000-09-26,23.750000,24.125000,23.750000,24.000000,13.444321,473200
2000-09-27,24.125000,24.250000,23.750000,24.250000,13.584369,314500
2000-09-28,24.187500,24.187500,23.812500,24.062500,13.479333,460600
2000-09-29,24.125000,24.500000,24.125000,24.187500,13.549356,478800
2000-10-02,24.000000,24.312500,23.500000,23.875000,13.374301,696200
2000-10-03,23.750000,24.625000,23.625000,24.312500,13.619375,420700
2000-10-04,24.187500,24.250000,23.750000,24.000000,13.444321,340000
2000-10-05,24.000000,25.562500,24.000000,25.312500,14.179558,947100
2000-10-06,25.437500,25.687500,24.687500,24.875000,13.934484,542400
2000-10-09,24.750000,25.625000,24.750000,25.125000,14.074525,472700
2000-10-10,25.187500,26.000000,25.125000,25.625000,14.354614,844200
2000-10-11,25.500000,26.250000,24.750000,25.000000,14.004495,779700
2000-10-12,25.250000,25.437500,24.687500,24.812500,13.899468,475100
2000-10-13,24.812500,24.937500,24.312500,24.687500,13.829446,493500
2000-10-16,24.750000,25.125000,24.687500,24.937500,13.969490,608400
2000-10-17,24.375000,24.750000,23.375000,23.812500,13.339285,1025300
2000-10-18,23.875000,24.000000,23.000000,23.187500,12.989176,1075400
2000-10-19,23.000000,23.812500,22.812500,23.375000,13.094203,629700
2000-10-20,23.000000,23.187500,22.125000,22.437500,12.569034,772100
2000-10-23,22.625000,23.125000,22.625000,22.812500,12.779107,828800
2000-10-24,22.937500,23.062500,22.625000,22.750000,12.744089,782100
2000-10-25,22.875000,23.250000,22.562500,22.750000,12.744089,897600
2000-10-26,22.687500,24.625000,21.562500,24.312500,13.619375,2252800
2000-10-27,24.125000,25.187500,23.750000,25.000000,14.004495,1301300
2000-10-30,25.000000,25.812500,24.937500,25.375000,14.214570,879200
2000-10-31,25.500000,25.750000,24.875000,25.375000,14.214570,697200
2000-11-01,25.125000,25.875000,25.125000,25.687500,14.389620,906700
2000-11-02,25.750000,26.812500,25.750000,26.250000,14.704728,1336100
2000-11-03,26.250000,27.062500,26.187500,26.562500,14.879785,822000
2000-11-06,26.750000,27.125000,26.750000,27.000000,15.124866,963200
2000-11-07,26.875000,27.000000,26.687500,26.812500,15.019826,486200
2000-11-08,26.750000,26.875000,26.125000,26.375000,14.774748,704200
2000-11-09,26.375000,26.687500,25.812500,25.937500,14.529673,906900
2000-11-10,25.500000,26.375000,25.375000,26.062500,14.599689,1800200
2000-11-13,26.062500,26.062500,25.062500,25.375000,14.214570,779400
2000-11-14,25.187500,25.187500,23.750000,24.187500,13.549356,1376200
2000-11-15,24.250000,25.312500,23.937500,25.250000,14.144544,1606600
2000-11-16,25.312500,27.125000,25.312500,26.687500,14.949802,1832200
2000-11-17,26.875000,27.500000,26.625000,27.000000,15.124866,1985700
2000-11-20,26.750000,27.937500,26.687500,27.500000,15.404952,830000
2000-11-21,27.562500,28.750000,27.375000,28.437500,15.930118,1347500
2000-11-22,28.312500,28.375000,27.812500,28.125000,15.755062,765900
2000-11-24,28.000000,28.000000,27.000000,27.125000,15.194886,269300
2000-11-27,27.125000,27.187500,26.250000,26.750000,14.984815,967500
2000-11-28,25.500000,26.750000,25.062500,25.375000,14.350021,2327100
2000-11-29,25.375000,25.625000,24.875000,25.062500,14.173303,1102200
2000-11-30,24.812500,25.250000,24.187500,24.625000,13.925882,1406700
2000-12-01,24.500000,24.875000,24.500000,24.812500,14.031916,480500
2000-12-04,24.750000,25.500000,24.750000,25.437500,14.385366,818100
2000-12-05,25.250000,25.250000,23.625000,23.875000,13.501747,871100
2000-12-06,23.625000,24.625000,23.625000,23.937500,13.537094,650900
2000-12-07,24.187500,25.062500,24.125000,24.375000,13.784504,471200
2000-12-08,24.125000,24.187500,23.687500,23.875000,13.501747,800500
2000-12-11,23.625000,23.750000,23.187500,23.437500,13.254331,750800
2000-12-12,23.375000,23.562500,23.375000,23.375000,13.218983,458500
2000-12-13,23.250000,25.000000,23.250000,24.812500,14.031916,1245500
2000-12-14,24.562500,24.687500,24.000000,24.062500,13.607777,658900
2000-12-15,24.500000,24.750000,24.062500,24.375000,13.784504,1454100
2000-12-18,24.625000,25.125000,24.125000,25.000000,14.137951,1218700
2000-12-19,25.000000,26.312500,24.937500,26.312500,14.880196,1505300
2000-12-20,26.625000,26.687500,25.562500,25.875000,14.632775,1054400
2000-12-21,25.812500,26.187500,25.750000,26.000000,14.703466,627300
2000-12-22,25.875000,26.062500,25.375000,25.812500,14.597438,633600
2000-12-26,25.562500,26.125000,25.437500,25.875000,14.632775,965000
2000-12-27,25.937500,26.312500,25.937500,26.000000,14.703466,463600
2000-12-28,26.125000,26.562500,25.750000,26.375000,14.915537,535300
2000-12-29,26.562500,26.625000,26.250000,26.250000,14.844850,399500
2001-01-02,26.062500,26.937500,26.062500,26.312500,14.880196,383700
2001-01-03,26.375000,27.062500,26.062500,26.312500,14.880196,1269000
2001-01-04,26.000000,26.000000,24.250000,25.000000,14.137951,2100200
2001-01-05,25.000000,25.625000,24.750000,25.437500,14.385366,803300
2001-01-08,25.625000,25.687500,25.187500,25.687500,14.526750,805900
2001-01-09,25.500000,26.625000,25.437500,26.437500,14.950888,667800
2001-01-10,26.375000,26.875000,26.125000,26.500000,14.986234,860900
2001-01-11,26.250000,26.250000,25.625000,25.750000,14.562096,914300
2001-01-12,25.750000,25.750000,25.437500,25.625000,14.491401,688400
2001-01-16,25.750000,26.562500,25.687500,26.187500,14.809504,665400
2001-01-17,27.000000,27.000000,26.250000,26.437500,14.950888,654200
2001-01-18,26.500000,26.687500,26.000000,26.375000,14.915537,1070200
2001-01-19,26.375000,26.375000,25.375000,25.500000,14.420710,1263700
2001-01-22,25.437500,25.812500,24.937500,25.250000,14.279328,1481900
2001-01-23,25.625000,25.625000,25.437500,25.562500,14.456060,643500
2001-01-24,26.187500,26.250000,25.875000,26.125000,14.774165,773000
2001-01-25,26.062500,26.062500,24.937500,25.937500,14.668126,1926400
2001-01-26,26.500000,26.937500,26.375000,26.750000,15.127604,774300
2001-01-29,26.650000,26.660000,26.010000,26.230000,14.833535,569500
2001-01-30,26.129999,26.600000,25.940001,26.490000,14.980574,1090500
2001-01-31,26.500000,26.500000,26.100000,26.200001,14.816578,784900
2001-02-01,26.209999,26.980000,26.209999,26.980000,15.257679,629800
2001-02-02,27.000000,27.469999,26.900000,27.049999,15.297263,1068000
2001-02-05,27.049999,27.750000,27.049999,27.580000,15.596992,1023200
2001-02-06,27.580000,27.580000,27.150000,27.280001,15.427339,654800
2001-02-07,27.600000,27.750000,27.469999,27.600000,15.608299,793900
2001-02-08,27.799999,27.969999,27.629999,27.730000,15.681821,555400
2001-02-09,27.750000,28.000000,27.610001,27.910000,15.783606,631200
2001-02-12,27.980000,28.100000,27.860001,28.049999,15.862785,744600
2001-02-13,28.000000,28.230000,27.510000,28.100000,15.891063,727000
2001-02-14,28.000000,28.010000,26.900000,27.000000,15.268991,846400
2001-02-15,27.200001,27.200001,26.799999,27.120001,15.336846,732600
2001-02-16,27.150000,27.700001,27.150000,27.620001,15.619610,749300
2001-02-20,27.120001,27.990000,27.120001,27.350000,15.466923,587700
2001-02-21,27.350000,27.500000,26.870001,27.100000,15.325539,483300
2001-02-22,27.100000,27.480000,26.990000,27.040001,15.291610,798900
2001-02-23,27.049999,27.209999,26.719999,27.049999,15.297263,913800
2001-02-26,26.600000,27.139999,26.440001,27.000000,15.412868,425400
2001-02-27,26.750000,26.980000,26.280001,26.360001,15.047517,896200
2001-02-28,26.450001,26.700001,26.170000,26.590000,15.178814,1054700
2001-03-01,26.350000,28.000000,26.200001,27.920000,15.938036,1049100
2001-03-02,27.500000,27.510000,26.850000,27.080000,15.458529,783100
2001-03-05,27.100000,27.400000,26.910000,27.230000,15.544160,387300
2001-03-06,27.049999,27.450001,26.969999,27.290001,15.578404,617800
2001-03-07,27.250000,27.350000,26.830000,27.049999,15.441407,375500
2001-03-08,27.030001,27.340000,26.950001,27.309999,15.589819,335300
2001-03-09,27.250000,27.520000,27.049999,27.400000,15.641198,353800
2001-03-12,27.299999,27.309999,26.990000,27.000000,15.412868,354900
2001-03-13,27.100000,27.600000,27.049999,27.600000,15.755366,812400
2001-03-14,27.049999,27.200001,27.000000,27.080000,15.458529,640000
2001-03-15,27.020000,27.639999,26.850000,27.520000,15.709704,935700
2001-03-16,27.299999,27.850000,27.250000,27.370001,15.624077,1385800
2001-03-19,27.480000,27.650000,27.010000,27.030001,15.429987,828700
2001-03-20,27.049999,27.280001,26.379999,26.379999,15.058935,533600
2001-03-21,26.299999,26.549999,26.000000,26.000000,14.842013,419700
2001-03-22,25.600000,26.180000,25.350000,26.080000,14.887685,736500
2001-03-23,26.080000,26.500000,25.610001,26.280001,15.001853,994600
2001-03-26,26.450001,26.450001,25.940001,26.240000,14.979019,400200
2001-03-27,26.370001,26.540001,26.139999,26.400000,15.070351,755500
2001-03-28,26.400000,26.980000,26.400000,26.770000,15.281566,577800
2001-03-29,26.780001,27.080000,26.700001,26.910000,15.361488,686700
2001-03-30,26.850000,27.150000,26.790001,27.030001,15.429987,1172900
2001-04-02,26.900000,27.200001,26.500000,26.760000,15.275862,959400
2001-04-03,26.000000,26.370001,25.850000,26.020000,14.853432,956100
2001-04-04,26.000000,27.150000,25.950001,27.000000,15.412868,828400
2001-04-05,27.010000,27.010000,26.219999,26.490000,15.121731,543500
2001-04-06,26.400000,27.100000,26.200001,26.549999,15.155985,652200
2001-04-09,26.700001,27.000000,26.469999,26.740000,15.264444,505500
2001-04-10,26.500000,26.950001,26.000000,26.219999,14.967598,627600
2001-04-11,26.150000,26.190001,25.650000,26.049999,14.870557,729200
2001-04-12,26.049999,26.900000,26.049999,26.830000,15.315819,832900
2001-04-16,26.950001,27.090000,25.950001,26.040001,14.864851,912400
2001-04-17,26.049999,26.549999,26.049999,26.469999,15.110312,427200
2001-04-18,26.500000,26.500000,25.250000,25.549999,14.585130,1736500
2001-04-19,25.299999,26.290001,25.030001,26.180000,14.944760,915800
2001-04-20,26.000000,26.150000,25.000000,25.230000,14.402460,949000
2001-04-23,25.480000,26.000000,25.400000,25.799999,14.727848,794000
2001-04-24,25.799999,25.850000,25.180000,25.180000,14.373916,736200
2001-04-25,25.250000,25.490000,25.150000,25.469999,14.539466,565600
2001-04-26,25.400000,25.950001,25.200001,25.480000,14.545171,778600
2001-04-27,25.700001,25.700001,25.389999,25.500000,14.556588,587200
2001-04-30,25.500000,25.680000,25.250000,25.500000,14.556588,635700
2001-05-01,25.299999,25.709999,25.200001,25.590000,14.607969,582400
2001-05-02,25.500000,25.700001,25.250000,25.580000,14.602263,657600
2001-05-03,25.450001,25.469999,25.000000,25.299999,14.442420,627800
2001-05-04,25.290001,25.799999,25.180000,25.740000,14.693600,424000
2001-05-07,25.700001,25.980000,25.530001,25.790001,14.722136,505600
2001-05-08,25.750000,26.120001,25.559999,25.709999,14.676465,619300
2001-05-09,25.549999,26.000000,25.450001,25.600000,14.613683,516000
2001-05-10,25.799999,25.940001,25.450001,25.760000,14.705012,335500
2001-05-11,25.740000,26.150000,25.459999,25.690001,14.665051,306300
2001-05-14,25.500000,25.740000,25.370001,25.500000,14.556588,306600
2001-05-15,25.549999,25.570000,25.209999,25.379999,14.488091,542000
2001-05-16,25.180000,26.290001,25.100000,26.209999,14.961896,758100
2001-05-17,25.809999,26.010000,25.200001,25.500000,14.556588,834000
2001-05-18,25.299999,25.490000,25.110001,25.330000,14.459544,532900
2001-05-21,25.500000,26.500000,25.059999,26.299999,15.013269,1089800
2001-05-22,26.100000,26.150000,25.750000,26.010000,14.847730,446900
2001-05-23,26.000000,26.280001,25.650000,25.760000,14.705012,1198600
2001-05-24,25.510000,26.180000,25.510000,26.100000,14.899101,606700
2001-05-25,26.290001,26.290001,25.879999,26.049999,14.870557,484500
2001-05-29,25.600000,26.450001,25.600000,26.370001,15.200563,567000
2001-05-30,26.370001,26.580000,26.080000,26.160000,15.079513,550100
2001-05-31,26.200001,26.740000,26.170000,26.719999,15.402317,982100
2001-06-01,26.549999,26.750000,26.400000,26.620001,15.344670,580800
2001-06-04,26.650000,26.680000,26.260000,26.580000,15.321623,342600
2001-06-05,26.570000,26.750000,26.440001,26.730000,15.408081,426400
2001-06-06,26.740000,26.950001,26.530001,26.690001,15.385025,562000
2001-06-07,26.680000,26.799999,26.450001,26.610001,15.338909,318200
2001-06-08,26.150000,26.510000,26.100000,26.410000,15.223625,413400
2001-06-11,26.160000,26.799999,26.100000,26.740000,15.413847,808700
2001-06-12,26.799999,27.059999,26.690001,27.049999,15.592546,896300
2001-06-13,26.950001,27.100000,26.850000,27.000000,15.563720,956000
2001-06-14,26.990000,27.160000,26.850000,27.000000,15.563720,613100
2001-06-15,27.000000,28.000000,26.969999,27.820000,16.036394,2521500
2001-06-18,27.820000,27.850000,27.270000,27.299999,15.736647,1163800
2001-06-19,27.299999,27.850000,27.129999,27.680000,15.955689,908600
2001-06-20,27.549999,28.500000,27.549999,28.459999,16.405313,1293900
2001-06-21,28.459999,29.100000,28.450001,28.850000,16.630127,1439000
2001-06-22,28.850000,28.889999,28.450001,28.600000,16.486012,633900
2001-06-25,28.600000,28.740000,28.299999,28.350000,16.341904,647500
2001-06-26,28.490000,29.150000,28.360001,28.920000,16.670473,646000
2001-06-27,28.920000,28.920000,28.240000,28.520000,16.439899,734900
2001-06-28,28.500000,29.110001,28.469999,28.900000,16.658943,591600
2001-06-29,29.000000,29.360001,28.049999,29.000000,16.716589,1349500
2001-07-02,29.299999,30.120001,29.250000,29.709999,17.125862,1476700
2001-07-03,30.049999,30.049999,29.350000,29.910000,17.241140,498800
2001-07-05,29.799999,29.950001,29.590000,29.900000,17.235378,427100
2001-07-06,29.900000,30.480000,29.879999,30.090000,17.344904,918500
2001-07-09,30.000000,30.240000,29.900000,30.070000,17.333372,629900
2001-07-10,29.820000,30.000000,29.400000,29.500000,17.004810,1151300
2001-07-11,29.400000,29.840000,29.389999,29.559999,17.039385,901700
2001-07-12,29.309999,29.830000,29.230000,29.719999,17.131617,483100
2001-07-13,29.700001,29.900000,29.340000,29.340000,16.912582,696500
2001-07-16,29.389999,29.600000,29.350000,29.379999,16.935627,801400
2001-07-17,29.450001,30.000000,29.400000,29.990000,17.287256,1218600
2001-07-18,29.750000,30.139999,29.670000,30.110001,17.356430,709400
2001-07-19,30.160000,30.690001,30.120001,30.620001,17.650414,689000
2001-07-20,30.870001,31.000000,30.500000,30.639999,17.661940,513900
2001-07-23,30.400000,30.520000,29.850000,30.000000,17.293020,561900
2001-07-24,29.400000,29.549999,29.080000,29.190001,16.826109,1546000
2001-07-25,29.299999,30.010000,29.260000,30.010000,17.298788,527800
2001-07-26,29.500000,29.750000,29.020000,29.450001,16.975983,799200
2001-07-27,29.500000,29.620001,28.700001,29.100000,16.774235,794200
2001-07-30,29.250000,29.270000,29.049999,29.240000,16.854937,684800
2001-07-31,29.299999,30.350000,29.299999,30.070000,17.333372,794200
2001-08-01,30.049999,30.600000,30.000000,30.510000,17.587000,1000800
2001-08-02,30.270000,30.740000,30.160000,30.620001,17.650414,516100
2001-08-03,30.750000,30.850000,30.250000,30.320000,17.477476,583800
2001-08-06,30.049999,30.250000,29.750000,29.920000,17.246904,359800
2001-08-07,29.950001,30.340000,29.930000,30.000000,17.293020,429700
2001-08-08,30.049999,30.200001,29.770000,29.799999,17.177732,698800
2001-08-09,30.000000,30.400000,29.770000,30.360001,17.500536,987300
2001-08-10,30.400000,30.450001,29.690001,30.020000,17.304554,934800
2001-08-13,30.200001,30.200001,30.000000,30.090000,17.344904,537600
2001-08-14,30.000000,30.270000,29.870001,29.990000,17.287256,316700
2001-08-15,30.000000,30.820000,29.950001,30.639999,17.661940,789200
2001-08-16,30.549999,30.770000,30.260000,30.549999,17.610058,686300
2001-08-17,30.559999,31.620001,30.559999,31.400000,18.100027,979200
2001-08-20,31.400000,31.950001,31.290001,31.770000,18.313313,709300
2001-08-21,31.850000,33.599998,31.790001,33.099998,19.079969,2735100
2001-08-22,32.450001,34.000000,32.410000,33.560001,19.345129,2148300
2001-08-23,33.540001,33.549999,32.250000,32.500000,18.734106,3619900
2001-08-24,32.349998,32.740002,32.150002,32.400002,18.676464,2575500
2001-08-27,32.549999,32.990002,32.540001,32.840000,18.930090,691400
2001-08-28,32.840000,32.970001,32.139999,32.500000,18.734106,689700
2001-08-29,32.200001,32.250000,31.700001,32.009998,18.596127,800100
2001-08-30,31.799999,32.900002,31.799999,32.599998,18.938887,943000
2001-08-31,32.599998,32.730000,31.920000,31.990000,18.584518,668900
2001-09-04,31.740000,32.450001,31.709999,32.250000,18.735563,872700
2001-09-05,32.240002,32.340000,31.450001,32.200001,18.706512,813700
2001-09-06,32.049999,32.560001,31.600000,32.220001,18.718132,1361300
2001-09-07,32.470001,32.490002,32.150002,32.200001,18.706512,1033400
2001-09-10,32.110001,32.480000,31.980000,32.130001,18.665844,1010300
2001-09-17,32.130001,32.599998,31.940001,32.310001,18.770422,2414300
2001-09-18,32.400002,32.480000,32.020000,32.259998,18.741367,1688900
2001-09-19,32.299999,32.419998,31.440001,31.690001,18.410227,2014000
2001-09-20,31.000000,31.139999,30.309999,30.750000,17.864138,1352500
2001-09-21,29.799999,29.879999,28.400000,28.799999,16.731287,2659900
2001-09-24,29.340000,29.400000,28.590000,29.000000,16.847477,1762900
2001-09-25,29.000000,29.219999,27.980000,28.610001,16.620909,1468000
2001-09-26,28.520000,28.959999,28.170000,28.959999,16.824244,941500
2001-09-27,29.500000,29.840000,29.240000,29.799999,17.312233,1183100
2001-09-28,29.879999,30.150000,29.670000,30.000000,17.428427,1092100
2001-10-01,29.750000,29.920000,28.790001,29.139999,16.928806,1053200
2001-10-02,29.400000,29.680000,29.250000,29.610001,17.201855,1413400
2001-10-03,29.450001,29.690001,28.750000,29.000000,16.847477,1188900
2001-10-04,28.950001,29.200001,28.600000,28.990000,16.841675,970900
2001-10-05,29.000000,29.350000,28.879999,29.250000,16.992714,1279400
2001-10-08,29.120001,29.150000,28.879999,28.990000,16.841675,1095700
2001-10-09,29.000000,29.100000,28.910000,29.059999,16.882338,1204300
2001-10-10,29.309999,29.980000,29.120001,29.700001,17.254143,1073400
2001-10-11,29.950001,29.950001,29.400000,29.580000,17.184423,628600
2001-10-12,29.450001,29.790001,28.809999,29.000000,16.847477,492200
2001-10-15,28.799999,29.600000,28.799999,29.330000,17.039190,807100
2001-10-16,29.200001,29.219999,28.639999,28.900000,16.789391,782500
2001-10-17,28.670000,29.330000,28.500000,29.020000,16.859100,793100
2001-10-18,29.059999,29.450001,28.860001,28.990000,16.841675,644700
2001-10-19,28.980000,29.230000,28.910000,29.139999,16.928806,632300
2001-10-22,29.030001,29.950001,29.030001,29.879999,17.358706,406700
2001-10-23,30.129999,30.129999,29.760000,29.860001,17.347090,693700
2001-10-24,29.650000,30.049999,29.650000,30.010000,17.434233,771800
2001-10-25,29.799999,29.920000,29.430000,29.760000,17.289000,816400
2001-10-26,29.969999,30.330000,29.799999,30.250000,17.573662,521200
2001-10-29,30.000000,30.000000,29.590000,29.790001,17.306433,528400
2001-10-30,29.790001,30.950001,29.570000,30.400000,17.660805,2234000
2001-10-31,30.480000,30.760000,30.400000,30.500000,17.718903,1208400
2001-11-01,30.450001,31.320000,30.450001,31.250000,18.154612,1251100
2001-11-02,31.190001,31.709999,31.129999,31.490000,18.294033,971700
2001-11-05,31.389999,31.750000,31.270000,31.650000,18.386993,915600
2001-11-06,31.500000,31.850000,31.500000,31.700001,18.416039,732700
2001-11-07,31.700001,31.900000,31.450001,31.660000,18.392796,819600
2001-11-08,31.660000,32.000000,31.080000,31.230000,18.142996,1462200
2001-11-09,31.000000,31.000000,30.510000,30.510000,17.724709,909200
2001-11-12,30.700001,30.780001,30.200001,30.420000,17.672428,818500
2001-11-13,30.430000,30.590000,30.180000,30.480000,17.707285,566300
2001-11-14,30.730000,30.830000,30.350000,30.600000,17.776997,369000
2001-11-15,30.600000,30.860001,30.549999,30.799999,17.893183,496800
2001-11-16,31.000000,31.059999,29.900000,30.030001,17.445860,933900
2001-11-19,30.049999,30.049999,29.440001,29.500000,17.137955,1047300
2001-11-20,29.580000,29.700001,29.290001,29.600000,17.196043,856600
2001-11-21,29.490000,29.940001,29.459999,29.670000,17.236713,580700
2001-11-23,29.450001,29.780001,29.299999,29.660000,17.230909,345200
2001-11-26,29.719999,30.000000,29.610001,29.719999,17.265757,527700
2001-11-27,29.780001,29.820000,29.260000,29.500000,17.137955,996000
2001-11-28,29.250000,30.129999,29.250000,29.600000,17.344501,1005900
2001-11-29,29.700001,29.750000,29.110001,29.340000,17.192154,534700
2001-11-30,29.620001,29.840000,29.400000,29.490000,17.280048,960900
2001-12-03,29.200001,29.469999,29.000000,29.309999,17.174574,977300
2001-12-04,29.900000,30.700001,29.750000,30.450001,17.842569,1743800
2001-12-05,30.900000,30.910000,30.090000,30.219999,17.707794,1272400
2001-12-06,30.299999,30.299999,29.480000,29.500000,17.285913,972500
2001-12-07,29.400000,29.670000,29.180000,29.540001,17.309349,996500
2001-12-10,29.450001,30.100000,29.410000,29.680000,17.391386,733900
2001-12-11,29.930000,29.930000,29.090000,29.200001,17.110123,689400
2001-12-12,29.200001,29.290001,29.000000,29.200001,17.110123,1194500
2001-12-13,29.250000,30.219999,29.000000,30.059999,17.614050,1173600
2001-12-14,29.809999,29.950001,29.370001,29.559999,17.321068,1225200
2001-12-17,29.299999,29.700001,29.150000,29.549999,17.315210,924400
2001-12-18,29.900000,30.200001,29.500000,30.110001,17.643345,766200
2001-12-19,30.010000,30.389999,29.879999,30.309999,17.760532,765000
2001-12-20,30.070000,30.549999,30.000000,30.320000,17.766399,549300
2001-12-21,30.330000,30.490000,30.230000,30.400000,17.813274,1062600
2001-12-24,30.400000,30.480000,30.219999,30.320000,17.766399,256800
2001-12-26,30.450001,30.680000,30.330000,30.400000,17.813274,711200
2001-12-27,30.440001,30.500000,30.180000,30.480000,17.860157,546000
2001-12-28,30.629999,30.700001,30.230000,30.320000,17.766399,419900
2001-12-31,30.170000,30.250000,29.920000,30.100000,17.637491,731300
2002-01-02,29.850000,29.990000,29.160000,29.969999,17.561316,869000
2002-01-03,29.969999,29.990000,29.530001,29.990000,17.573038,582300
2002-01-04,29.750000,29.770000,29.090000,29.350000,17.198015,824200
2002-01-07,29.450001,29.610001,29.020000,29.450001,17.256609,630900
2002-01-08,29.549999,29.900000,29.270000,29.809999,17.467556,631000
2002-01-09,29.900000,30.000000,29.450001,29.740000,17.426535,844800
2002-01-10,29.650000,30.110001,29.500000,29.860001,17.496859,761100
2002-01-11,29.760000,30.030001,29.600000,29.750000,17.432400,457900
2002-01-14,29.500000,30.400000,29.490000,30.100000,17.637491,435600
2002-01-15,30.350000,30.500000,30.120001,30.410000,17.819138,493900
2002-01-16,30.480000,30.850000,29.879999,29.990000,17.573038,646100
2002-01-17,30.100000,30.530001,29.650000,30.370001,17.795700,697000
2002-01-18,30.049999,31.000000,30.049999,30.870001,18.088682,1075700
2002-01-22,30.900000,31.750000,30.750000,31.330000,18.358225,1028800
2002-01-23,31.450001,31.700001,31.299999,31.389999,18.393383,963300
2002-01-24,31.400000,31.440001,30.920000,31.250000,18.311333,976200
2002-01-25,31.100000,31.200001,30.600000,30.850000,18.076960,2554200
2002-01-28,30.820000,31.280001,30.700001,31.000000,18.164856,966900
2002-01-29,31.100000,31.360001,30.370001,30.400000,17.813274,1109600
2002-01-30,30.250000,31.100000,30.250000,30.799999,18.047655,1721600
2002-01-31,30.799999,31.000000,30.549999,30.860001,18.082817,1088900
2002-02-01,30.360001,30.930000,30.360001,30.730000,18.006645,1163300
2002-02-04,30.799999,31.230000,30.600000,30.860001,18.082817,821900
2002-02-05,30.860001,31.000000,30.700001,30.850000,18.076960,944200
2002-02-06,30.150000,30.160000,29.389999,30.000000,17.578892,4017700
2002-02-07,30.350000,31.299999,30.150000,31.070000,18.205877,2327500
2002-02-08,31.070000,31.150000,30.670000,30.969999,18.147274,1662400
2002-02-11,31.049999,31.520000,31.000000,31.480000,18.446114,1172800
2002-02-12,31.480000,31.480000,31.000000,31.270000,18.323065,730400
2002-02-13,31.280001,32.060001,31.270000,32.009998,18.756674,1361700
2002-02-14,32.009998,33.150002,32.009998,33.130001,19.412954,2340400
2002-02-15,33.000000,33.810001,32.799999,33.689999,19.741091,1368500
2002-02-19,33.299999,33.590000,33.099998,33.360001,19.547735,1283000
2002-02-20,33.110001,34.680000,32.849998,34.500000,20.215723,2095000
2002-02-21,34.299999,35.000000,34.299999,34.509998,20.221575,1631800
2002-02-22,34.169998,35.099998,34.169998,34.759998,20.368073,1639800
2002-02-25,35.000000,35.450001,34.709999,34.950001,20.479418,2023700
2002-02-26,34.849998,35.099998,34.189999,34.320000,20.110256,1145000
2002-02-27,34.000000,34.740002,33.930000,34.150002,20.010641,1440900
2002-02-28,34.200001,34.980000,34.189999,34.549999,20.395824,1229600
2002-03-01,34.299999,34.880001,34.099998,34.500000,20.366308,1215200
2002-03-04,34.500000,34.799999,33.910000,34.000000,20.071142,1160100
2002-03-05,33.849998,34.250000,33.570000,33.580002,19.823215,968100
2002-03-06,33.599998,34.349998,33.599998,34.189999,20.183308,549500
2002-03-07,33.549999,33.560001,32.700001,33.090000,19.533943,1557500
2002-03-08,33.000000,33.500000,32.810001,33.110001,19.545763,1029700
2002-03-11,32.820000,33.549999,32.689999,33.279999,19.646105,860900
2002-03-12,32.799999,33.919998,32.799999,33.810001,19.958986,975800
2002-03-13,33.500000,33.549999,32.410000,32.740002,19.327332,1456300
2002-03-14,32.700001,33.450001,32.700001,33.340000,19.681526,863800
2002-03-15,33.340000,33.450001,32.950001,33.299999,19.657911,1657100
2002-03-18,32.900002,33.150002,32.549999,32.709999,19.309620,767100
2002-03-19,32.950001,33.400002,32.869999,33.270000,19.640203,1042000
2002-03-20,33.000000,33.200001,32.830002,32.840000,19.386358,666000
2002-03-21,32.549999,33.470001,32.299999,33.250000,19.628405,1479100
2002-03-22,33.099998,33.400002,32.759998,32.759998,19.339144,682500
2002-03-25,32.759998,33.119999,32.759998,32.880001,19.409983,1015300
2002-03-26,33.000000,34.049999,33.000000,33.799999,19.953089,1840000
2002-03-27,33.970001,34.480000,33.209999,33.410000,19.722851,1379500
2002-03-28,33.250000,33.939999,33.250000,33.570000,19.817308,555200
2002-04-01,33.500000,33.529999,32.840000,33.290001,19.652008,452900
2002-04-02,33.000000,33.970001,32.930000,33.650002,19.864532,574800
2002-04-03,33.400002,33.709999,32.750000,32.750000,19.333233,857900
2002-04-04,32.849998,35.000000,32.849998,34.860001,20.578825,1635800
2002-04-05,34.560001,34.799999,34.070000,34.070000,20.112469,1069200
2002-04-08,34.200001,34.950001,34.110001,34.660000,20.460764,1117400
2002-04-09,34.500000,34.869999,34.369999,34.669998,20.466663,1024600
2002-04-10,34.549999,35.500000,34.549999,35.439999,20.921219,1060700
2002-04-11,35.500000,36.000000,35.299999,35.869999,21.175062,1183900
2002-04-12,35.869999,36.459999,35.810001,36.380001,21.476131,1173900
2002-04-15,36.380001,36.400002,35.950001,36.009998,21.257706,1108200
2002-04-16,35.799999,35.849998,35.419998,35.650002,21.045189,1325100
2002-04-17,35.400002,35.560001,35.250000,35.470001,20.938931,882000
2002-04-18,35.250000,35.650002,35.099998,35.470001,20.938931,921400
2002-04-19,35.500000,35.869999,35.250000,35.599998,21.015663,788200
2002-04-22,35.599998,35.980000,35.400002,35.660000,21.051090,811500
2002-04-23,35.410000,36.200001,35.410000,35.860001,21.169151,573800
2002-04-24,36.000000,36.320000,35.849998,36.020000,21.263611,679800
2002-04-25,35.750000,36.750000,35.320000,35.959999,21.228188,1266500
2002-04-26,36.320000,36.320000,35.500000,35.500000,20.956638,1092100
2002-04-29,35.500000,35.830002,35.439999,35.529999,20.974342,1148900
2002-04-30,35.500000,35.939999,35.299999,35.919998,21.204580,916800
2002-05-01,36.000000,36.720001,35.950001,36.720001,21.676849,1095000
2002-05-02,36.720001,36.900002,36.150002,36.889999,21.777189,918200
2002-05-03,36.560001,36.560001,35.500000,35.830002,21.151447,1767600
2002-05-06,35.950001,36.349998,35.849998,35.970001,21.234095,848100
2002-05-07,35.830002,36.080002,35.439999,35.470001,20.938931,852600
2002-05-08,35.700001,35.910000,35.470001,35.490002,20.950737,838500
2002-05-09,35.490002,35.799999,35.450001,35.529999,20.974342,984700
2002-05-10,35.650002,35.709999,35.439999,35.610001,21.021568,514700
2002-05-13,35.459999,35.549999,35.000000,35.259998,20.814953,982600
2002-05-14,35.049999,36.000000,35.000000,35.990002,21.245903,746400
2002-05-15,35.869999,36.200001,35.400002,35.599998,21.015663,1064200
2002-05-16,35.599998,36.599998,35.570000,36.560001,21.582386,726600
2002-05-17,36.430000,36.599998,35.849998,36.020000,21.263611,840900
2002-05-20,36.000000,36.150002,35.619999,36.070000,21.293121,446100
2002-05-21,36.299999,36.950001,36.119999,36.490002,21.541061,874500
2002-05-22,36.299999,37.000000,36.299999,36.740002,21.688646,779800
2002-05-23,36.700001,36.889999,36.400002,36.799999,21.724064,509600
2002-05-24,36.590000,36.700001,36.150002,36.150002,21.340353,767100
2002-05-28,36.000000,36.500000,35.849998,36.439999,21.511545,1456500
2002-05-29,36.000000,36.630001,36.000000,36.400002,21.637875,477700
2002-05-30,36.150002,36.869999,36.090000,36.430000,21.655701,755100
2002-05-31,36.299999,36.700001,36.040001,36.700001,21.816204,1129000
2002-06-03,36.549999,36.959999,36.290001,36.299999,21.578426,979100
2002-06-04,36.099998,36.410000,35.880001,36.130001,21.477364,923600
2002-06-05,35.900002,37.000000,35.590000,36.830002,21.893467,1215000
2002-06-06,36.720001,36.820000,35.450001,35.450001,21.073143,859000
2002-06-07,35.450001,35.700001,35.290001,35.400002,21.043423,1755900
2002-06-10,35.500000,35.540001,34.919998,35.110001,20.871031,2407500
2002-06-11,35.000000,35.240002,34.799999,34.910000,20.752140,2301400
2002-06-12,35.049999,35.099998,34.500000,34.660000,20.603529,1252800
2002-06-13,34.410000,35.000000,34.340000,34.650002,20.597580,1091400
2002-06-14,34.450001,34.970001,34.070000,34.779999,20.674860,1223700
2002-06-17,34.990002,35.790001,34.900002,35.720001,21.233643,1197200
2002-06-18,35.720001,36.130001,35.630001,35.930000,21.358469,1229500
2002-06-19,35.930000,36.090000,35.549999,35.849998,21.310915,1304000
2002-06-20,35.849998,36.599998,35.849998,36.230000,21.536808,971100
2002-06-21,36.060001,36.349998,36.000000,36.150002,21.489258,1651300
2002-06-24,36.000000,36.169998,35.500000,35.599998,21.162302,1318500
2002-06-25,35.500000,36.020000,35.500000,35.650002,21.192024,1291500
2002-06-26,35.650002,35.680000,35.049999,35.549999,21.132589,1182000
2002-06-27,35.549999,36.380001,35.330002,36.380001,21.625977,1605900
2002-06-28,36.169998,36.250000,35.700001,35.860001,21.316868,1931400
2002-07-01,35.650002,35.950001,35.500000,35.630001,21.180149,1025900
2002-07-02,35.880001,36.099998,35.470001,35.470001,21.085035,1137400
2002-07-03,35.099998,35.160000,33.799999,34.400002,20.448982,2412300
2002-07-05,34.400002,35.259998,34.349998,35.189999,20.918591,889100
2002-07-08,35.000000,35.099998,34.290001,34.619999,20.579752,1703100
2002-07-09,34.650002,34.759998,33.509998,33.509998,19.919912,1488600
2002-07-10,33.259998,33.560001,32.630001,32.990002,19.610804,1490500
2002-07-11,32.700001,33.599998,32.410000,33.490002,19.908028,2268500
2002-07-12,33.490002,34.220001,32.400002,32.770000,19.480022,1202900
2002-07-15,32.270000,33.360001,31.850000,33.360001,19.830753,1344200
2002-07-16,33.040001,33.040001,31.420000,32.130001,19.099577,1443700
2002-07-17,32.630001,33.639999,32.189999,32.730000,19.456245,967800
2002-07-18,32.849998,33.130001,31.700001,31.850000,18.933130,784100
2002-07-19,31.850000,31.850000,30.600000,30.879999,18.356514,1438200
2002-07-22,30.879999,31.350000,29.610001,30.000000,17.833401,1506500
2002-07-23,30.100000,30.600000,29.700001,30.070000,17.875019,1593300
2002-07-24,29.400000,31.400000,29.350000,31.350000,18.635912,1423000
2002-07-25,32.750000,33.779999,32.330002,33.680000,20.020967,2888200
2002-07-26,33.959999,33.959999,32.799999,33.340000,19.818861,1598500
2002-07-29,33.650002,35.639999,33.650002,35.000000,20.805637,2890800
2002-07-30,35.000000,35.000000,33.650002,33.990002,20.205257,1801800
2002-07-31,34.099998,34.810001,34.049999,34.439999,20.472748,1864000
2002-08-01,34.450001,34.549999,34.070000,34.150002,20.300358,1907600
2002-08-02,34.000000,34.590000,33.619999,33.959999,20.187416,1144100
2002-08-05,33.799999,34.000000,33.500000,33.549999,19.943689,1082600
2002-08-06,33.549999,34.189999,33.290001,33.290001,19.789129,1395500
2002-08-07,33.799999,34.310001,33.619999,34.189999,20.324142,1307500
2002-08-08,34.189999,34.910000,34.049999,34.740002,20.651089,880800
2002-08-09,34.740002,34.990002,34.540001,34.720001,20.639200,743700
2002-08-12,34.470001,34.950001,34.200001,34.700001,20.627304,722100
2002-08-13,34.700001,35.230000,34.520000,34.619999,20.579752,923900
2002-08-14,34.450001,34.990002,34.060001,34.869999,20.728361,1398800
2002-08-15,35.000000,35.000000,34.200001,34.520000,20.520308,1059000
2002-08-16,34.349998,34.610001,34.049999,34.110001,20.276583,921900
2002-08-19,33.860001,34.299999,33.840000,34.299999,20.389528,875100
2002-08-20,33.799999,33.990002,33.430000,33.430000,19.872358,1430100
2002-08-21,33.349998,33.459999,32.349998,33.060001,19.652418,3526500
2002-08-22,33.209999,33.500000,32.900002,33.080002,19.664299,1294500
2002-08-23,33.020000,33.599998,33.000000,33.099998,19.676189,1123100
2002-08-26,33.240002,33.349998,32.900002,33.060001,19.652418,958700
2002-08-27,33.209999,33.240002,32.799999,33.000000,19.616743,1136400
2002-08-28,32.900002,33.099998,32.650002,32.980000,19.756020,912600
2002-08-29,32.650002,32.660000,32.070000,32.369999,19.390610,1178400
2002-08-30,32.250000,32.770000,32.160000,32.160000,19.264826,627300
2002-09-03,31.860001,31.900000,31.440001,31.610001,18.935352,1715200
2002-09-04,31.620001,32.250000,31.540001,32.070000,19.210901,1214200
2002-09-05,31.570000,32.310001,31.500000,32.230000,19.306746,1490200
2002-09-06,32.430000,32.669998,32.000000,32.139999,19.252834,1198800
2002-09-09,32.400002,33.490002,32.400002,32.959999,19.744040,1639600
2002-09-10,33.049999,33.349998,32.799999,33.119999,19.839878,916400
2002-09-11,33.349998,33.900002,32.970001,33.150002,19.857859,571400
2002-09-12,32.900002,33.000000,32.200001,32.270000,19.330704,975400
2002-09-13,32.200001,32.860001,32.070000,32.590000,19.522400,983400
2002-09-16,32.599998,33.270000,32.419998,33.150002,19.857859,659000
2002-09-17,33.549999,33.549999,32.500000,32.520000,19.480469,837500
2002-09-18,32.400002,33.250000,32.139999,33.060001,19.803946,1102200
2002-09-19,32.560001,32.860001,32.119999,32.119999,19.240856,694600
2002-09-20,32.130001,33.020000,32.110001,32.680000,19.576309,1425300
2002-09-23,32.349998,32.630001,31.980000,32.169998,19.270807,1199800
2002-09-24,31.920000,32.270000,31.590000,31.959999,19.145008,1358100
2002-09-25,32.200001,32.980000,32.000000,32.680000,19.576309,1271300
2002-09-26,32.799999,33.419998,32.689999,33.299999,19.947712,1347900
2002-09-27,33.299999,33.480000,33.000000,33.200001,19.887810,990300
2002-09-30,33.000000,33.320000,32.360001,33.250000,19.917757,1268100
2002-10-01,33.330002,33.869999,33.320000,33.869999,20.289156,1357300
2002-10-02,33.750000,34.240002,33.619999,33.759998,20.223257,1090000
2002-10-03,33.849998,34.849998,33.849998,34.099998,20.426935,755200
2002-10-04,34.099998,34.599998,33.900002,34.130001,20.444904,1058500
2002-10-07,34.130001,35.000000,34.130001,34.869999,20.888184,2102400
2002-10-08,35.200001,36.000000,35.169998,35.540001,21.289537,2039000
2002-10-09,35.000000,35.290001,34.590000,34.869999,20.888184,2182600
2002-10-10,34.869999,35.299999,34.459999,34.860001,20.882189,1636300
2002-10-11,34.889999,35.020000,34.090000,34.450001,20.636593,1081400
2002-10-14,34.490002,35.200001,34.490002,35.180000,21.073893,553900
2002-10-15,35.470001,35.470001,34.730000,35.119999,21.037952,1058600
2002-10-16,35.000000,35.459999,34.520000,35.000000,20.966055,831800
2002-10-17,35.299999,35.349998,34.450001,34.750000,20.816301,821600
2002-10-18,34.599998,35.230000,34.480000,35.230000,21.103849,742200
2002-10-21,35.230000,36.240002,35.009998,36.060001,21.601034,901800
2002-10-22,36.070000,36.299999,35.299999,35.540001,21.289537,625300
2002-10-23,35.040001,35.520000,34.689999,35.000000,20.966055,1228300
2002-10-24,35.250000,35.750000,34.709999,35.509998,21.271568,1171300
2002-10-25,35.950001,35.950001,34.700001,35.150002,21.055922,975400
2002-10-28,35.000000,35.000000,32.939999,33.000000,19.768000,3386000
2002-10-29,32.900002,33.119999,32.090000,33.000000,19.768000,3035700
2002-10-30,32.849998,33.200001,32.020000,32.820000,19.660173,1555100
2002-10-31,32.900002,32.900002,31.280001,31.860001,19.085110,2098900
2002-11-01,32.110001,33.000000,31.930000,32.860001,19.684134,1510000
2002-11-04,32.720001,32.770000,31.700001,31.940001,19.133034,1268900
2002-11-05,32.000000,32.049999,31.670000,31.930000,19.127041,1455100
2002-11-06,31.930000,32.349998,31.340000,31.809999,19.055157,1284800
2002-11-07,31.950001,32.279999,31.650000,31.889999,19.103077,956700
2002-11-08,31.950001,32.410000,31.850000,31.930000,19.127041,1100000
2002-11-11,32.950001,32.950001,32.439999,32.799999,19.648195,1149500
2002-11-12,32.849998,33.070000,31.850000,32.020000,19.180958,1461400
2002-11-13,32.299999,33.009998,32.070000,32.700001,19.588291,825500
2002-11-14,33.200001,33.200001,32.549999,32.820000,19.660173,808700
2002-11-15,33.000000,34.080002,32.880001,34.020000,20.379007,1397900
2002-11-18,34.099998,34.299999,33.380001,33.770000,20.229254,1128800
2002-11-19,33.889999,34.820000,33.750000,34.590000,20.720465,930700
2002-11-20,34.439999,34.840000,34.200001,34.470001,20.648577,955900
2002-11-21,34.349998,34.490002,33.730000,34.070000,20.408955,1484400
2002-11-22,33.849998,34.980000,33.500000,34.849998,20.876211,1320800
2002-11-25,34.860001,34.860001,34.150002,34.290001,20.540752,1400400
2002-11-26,34.130001,34.200001,33.529999,33.709999,20.343105,1977700
2002-11-27,33.500000,33.689999,33.029999,33.509998,20.222416,1057600
2002-11-29,33.520000,33.650002,33.169998,33.369999,20.137932,337700
2002-12-02,33.369999,33.369999,32.700001,33.070000,19.956894,1310000
2002-12-03,33.070000,33.529999,32.900002,33.299999,20.095690,893300
2002-12-04,33.380001,33.849998,33.349998,33.650002,20.306908,767200
2002-12-05,33.490002,33.799999,32.900002,33.080002,19.962917,853000
2002-12-06,32.900002,33.759998,32.900002,33.599998,20.276733,809600
2002-12-09,33.400002,33.779999,32.900002,33.000000,19.914642,1033600
2002-12-10,33.000000,34.480000,32.910000,34.470001,20.801754,1579100
2002-12-11,34.480000,34.480000,33.340000,33.610001,20.282763,1376100
2002-12-12,33.700001,33.900002,33.220001,33.360001,20.131903,686100
2002-12-13,33.160000,34.049999,32.900002,33.799999,20.397436,764300
2002-12-16,34.049999,34.209999,33.259998,33.419998,20.168102,1292300
2002-12-17,33.400002,34.270000,33.299999,33.950001,20.487942,905500
2002-12-18,34.099998,34.380001,33.799999,34.259998,20.675024,925800
2002-12-19,34.049999,34.250000,33.700001,34.060001,20.554327,1237300
2002-12-20,34.060001,34.720001,34.060001,34.520000,20.831932,1159400
2002-12-23,34.450001,34.669998,34.189999,34.340000,20.723297,563100
2002-12-24,34.340000,34.500000,34.150002,34.410000,20.765551,211600
2002-12-26,34.490002,34.840000,34.340000,34.450001,20.789682,373700
2002-12-27,34.430000,34.669998,34.040001,34.419998,20.771580,675900
2002-12-30,34.599998,35.060001,34.450001,34.650002,20.910376,974100
2002-12-31,34.799999,34.799999,34.090000,34.270000,20.681061,773800
2003-01-02,34.279999,34.889999,34.279999,34.869999,21.043139,907600
2003-01-03,34.740002,34.740002,34.070000,34.310001,20.705196,898200
2003-01-06,34.470001,35.200001,34.419998,34.959999,21.097456,1577900
2003-01-07,35.000000,35.000000,33.570000,33.849998,20.427601,2024600
2003-01-08,34.000000,34.099998,33.750000,33.939999,20.481911,1514600
2003-01-09,33.930000,34.290001,33.709999,34.250000,20.668991,1273400
2003-01-10,34.049999,34.049999,33.450001,33.500000,20.216385,1155800
2003-01-13,33.700001,34.700001,33.150002,34.509998,20.825886,2041700
2003-01-14,34.500000,34.500000,33.910000,34.150002,20.608641,784400
2003-01-15,34.000000,34.070000,33.349998,33.349998,20.125864,682500
2003-01-16,33.599998,34.990002,33.599998,34.900002,21.061245,1278800
2003-01-17,34.900002,35.000000,34.369999,34.630001,20.898315,1274500
2003-01-21,34.700001,35.070000,34.020000,34.150002,20.608641,1469900
2003-01-22,33.860001,34.709999,33.860001,34.259998,20.675024,1104700
2003-01-23,34.160000,34.400002,33.349998,33.590000,20.270695,670700
2003-01-24,33.279999,33.810001,33.270000,33.349998,20.125864,755800
2003-01-27,33.049999,33.099998,32.799999,32.900002,19.854307,1300800
2003-01-28,33.070000,33.250000,32.599998,33.130001,19.993095,1031000
2003-01-29,32.599998,33.299999,32.230000,32.709999,19.739645,1448300
2003-01-30,32.639999,32.639999,31.480000,31.719999,19.142195,1425100
2003-01-31,31.950001,33.450001,31.940001,33.400002,20.156038,1705000
2003-02-03,33.400002,33.410000,32.299999,32.320000,19.504288,1575800
2003-02-04,32.330002,32.720001,32.139999,32.529999,19.631012,1662200
2003-02-05,32.540001,32.970001,32.290001,32.330002,19.510319,953500
2003-02-06,32.000000,32.610001,31.850000,32.240002,19.456009,1064800
2003-02-07,32.349998,32.500000,31.879999,32.099998,19.371511,602500
2003-02-10,32.270000,32.450001,31.760000,32.119999,19.383591,750000
2003-02-11,32.200001,32.400002,31.459999,31.500000,19.009432,957100
2003-02-12,31.510000,31.799999,31.250000,31.299999,18.888742,786600
2003-02-13,31.200001,31.549999,30.820000,31.209999,18.834421,1195800
2003-02-14,31.400000,31.799999,31.160000,31.650000,19.099957,1085000
2003-02-18,31.900000,32.270000,31.600000,31.740000,19.154261,844000
2003-02-19,31.730000,31.750000,31.219999,31.219999,18.840460,824800
2003-02-20,30.080000,30.549999,29.900000,30.120001,18.176638,2725900
2003-02-21,30.120001,30.370001,29.990000,30.270000,18.267166,1537300
2003-02-24,30.280001,30.340000,29.780001,29.860001,18.019741,859700
2003-02-25,29.799999,30.209999,29.549999,30.100000,18.164570,868500
2003-02-26,30.110001,30.250000,29.750000,29.770000,17.965424,977100
2003-02-27,29.799999,30.040001,29.440001,29.799999,18.137367,985400
2003-02-28,29.770000,30.100000,29.500000,29.570000,17.997374,1040000
2003-03-03,30.000000,30.160000,29.620001,30.010000,18.265175,1385600
2003-03-04,30.030001,30.049999,28.920000,29.000000,17.650450,1101500
2003-03-05,28.959999,29.000000,28.490000,29.000000,17.650450,1454200
2003-03-06,29.000000,29.000000,28.280001,28.420000,17.297449,1400000
2003-03-07,28.070000,28.900000,28.000000,28.730000,17.486126,1552400
2003-03-10,28.719999,28.719999,27.850000,28.020000,17.053997,1544500
2003-03-11,28.100000,28.520000,28.040001,28.040001,17.066162,1123100
2003-03-12,28.040001,28.879999,27.920000,28.200001,17.163549,2905600
2003-03-13,28.549999,29.170000,28.360001,28.990000,17.644371,1392000
2003-03-14,29.150000,29.450001,28.840000,29.170000,17.753923,1149500
2003-03-17,29.309999,30.250000,29.110001,30.170000,18.362560,881100
2003-03-18,30.370001,30.379999,29.680000,29.879999,18.186052,993700
2003-03-19,29.990000,30.790001,29.990000,30.790001,18.739910,925500
2003-03-20,30.700001,30.950001,29.879999,30.320000,18.453854,1057400
2003-03-21,30.799999,30.969999,30.410000,30.889999,18.800776,1171200
2003-03-24,30.430000,30.580000,29.850000,29.930000,18.216488,870400
2003-03-25,29.900000,30.639999,29.870001,30.520000,18.575583,775200
2003-03-26,30.440001,30.450001,29.799999,30.020000,18.271265,690800
2003-03-27,29.700001,30.559999,29.610001,30.360001,18.478199,760400
2003-03-28,30.299999,30.299999,29.580000,29.860001,18.173885,1402500
2003-03-31,30.360001,30.850000,29.580000,30.650000,18.654703,1630700
2003-04-01,30.639999,30.650000,30.270000,30.459999,18.539068,967100
2003-04-02,30.840000,31.290001,30.620001,31.110001,18.934679,959400
2003-04-03,31.049999,31.129999,30.610001,30.790001,18.739910,715300
2003-04-04,30.920000,31.280001,30.719999,31.250000,19.019892,737300
2003-04-07,31.950001,32.000000,31.180000,31.200001,18.989452,1320700
2003-04-08,31.330000,31.690001,31.240000,31.430000,19.129440,577200
2003-04-09,31.549999,31.889999,30.969999,31.139999,18.952932,668000
2003-04-10,31.230000,31.379999,30.950001,31.379999,19.099018,773400
2003-04-11,31.830000,31.910000,31.420000,31.590000,19.226826,800600
2003-04-14,31.510000,31.900000,31.510000,31.860001,19.391157,669300
2003-04-15,31.860001,31.860001,31.150000,31.320000,19.062490,1439700
2003-04-16,31.299999,31.299999,30.620001,30.870001,18.788610,1026600
2003-04-17,30.820000,31.459999,30.820000,31.379999,19.099018,538700
2003-04-21,31.200001,31.570000,31.020000,31.049999,18.898159,454700
2003-04-22,30.950001,32.139999,30.920000,32.099998,19.537220,1049400
2003-04-23,31.950001,32.119999,31.420000,31.740000,19.318111,969800
2003-04-24,31.959999,32.189999,31.719999,32.029999,19.494621,848500
2003-04-25,32.299999,32.320000,31.540001,31.930000,19.433762,895300
2003-04-28,32.009998,32.709999,32.000000,32.680000,19.890234,1099700
2003-04-29,32.599998,33.049999,32.599998,33.049999,20.115437,1365300
2003-04-30,32.930000,32.930000,32.520000,32.740002,19.926754,1255700
2003-05-01,32.509998,33.000000,31.900000,32.889999,20.018053,746100
2003-05-02,32.639999,33.040001,32.549999,33.040001,20.109343,1054600
2003-05-05,32.970001,33.320000,32.799999,33.040001,20.109343,876300
2003-05-06,32.709999,33.230000,32.689999,32.970001,20.066734,1128600
2003-05-07,32.770000,33.400002,32.660000,33.299999,20.267593,948500
2003-05-08,33.150002,33.209999,32.680000,32.869999,20.005882,892500
2003-05-09,33.000000,33.410000,32.950001,33.389999,20.322371,895100
2003-05-12,33.389999,33.660000,33.180000,33.560001,20.425831,516500
2003-05-13,33.220001,33.610001,33.189999,33.610001,20.456266,635100
2003-05-14,33.610001,33.660000,33.259998,33.459999,20.364971,674300
2003-05-15,33.709999,33.970001,33.549999,33.840000,20.596258,1053100
2003-05-16,33.799999,33.980000,33.270000,33.270000,20.249331,926500
2003-05-19,33.369999,33.630001,33.279999,33.549999,20.419750,762000
2003-05-20,33.590000,33.779999,33.119999,33.560001,20.425831,1539900
2003-05-21,33.459999,33.750000,33.270000,33.650002,20.480618,851300
2003-05-22,33.590000,34.000000,33.450001,33.820000,20.584084,1019600
2003-05-23,33.480000,33.709999,33.250000,33.549999,20.419750,794900
2003-05-27,33.560001,34.099998,33.419998,34.000000,20.693632,1269100
2003-05-28,33.570000,33.990002,33.509998,33.900002,20.787148,1044500
2003-05-29,33.900002,34.500000,33.900002,34.290001,21.026297,1753600
2003-05-30,34.500000,35.250000,34.459999,35.200001,21.584295,3385600
2003-06-02,35.349998,35.419998,34.639999,34.900002,21.400339,1234200
2003-06-03,34.900002,35.279999,34.810001,35.279999,21.633354,768700
2003-06-04,35.209999,35.470001,35.000000,35.099998,21.522982,967300
2003-06-05,35.009998,35.400002,34.959999,35.340000,21.670145,765600
2003-06-06,35.400002,35.490002,35.119999,35.360001,21.682405,1214000
2003-06-09,35.360001,35.490002,34.900002,35.000000,21.461655,626400
2003-06-10,34.919998,34.980000,34.389999,34.509998,21.161184,1835500
2003-06-11,34.709999,34.980000,34.500000,34.900002,21.400339,1080400
2003-06-12,34.869999,35.040001,34.470001,35.000000,21.461655,677000
2003-06-13,35.060001,35.060001,34.610001,34.849998,21.369680,741100
2003-06-16,35.000000,35.290001,34.869999,35.270000,21.627220,639900
2003-06-17,35.270000,35.349998,34.840000,35.080002,21.510714,863000
2003-06-18,35.080002,35.290001,34.900002,35.080002,21.510714,769500
2003-06-19,35.080002,35.080002,34.400002,34.500000,21.155067,781400
2003-06-20,34.500000,34.930000,34.490002,34.770000,21.320621,1405500
2003-06-23,34.700001,34.750000,34.119999,34.369999,21.075354,578100
2003-06-24,34.470001,34.820000,34.299999,34.750000,21.308359,1240800
2003-06-25,34.750000,34.830002,34.009998,34.049999,20.879128,1031000
2003-06-26,33.639999,34.520000,33.619999,34.380001,21.081482,823000
2003-06-27,34.299999,34.799999,33.830002,34.330002,21.050827,983500
2003-06-30,34.480000,34.549999,34.119999,34.369999,21.075354,564700
2003-07-01,34.049999,34.590000,33.689999,34.560001,21.191853,709400
2003-07-02,34.560001,34.950001,34.340000,34.950001,21.431004,788600
2003-07-03,34.700001,34.980000,34.250000,34.610001,21.222515,446700
2003-07-07,34.810001,35.110001,34.720001,35.040001,21.486191,825700
2003-07-08,35.000000,35.119999,34.799999,34.990002,21.455524,605500
2003-07-09,34.840000,34.880001,34.119999,34.580002,21.204121,929400
2003-07-10,34.139999,34.680000,34.139999,34.680000,21.265436,870600
2003-07-11,34.849998,34.990002,34.619999,34.779999,21.326759,749800
2003-07-14,34.980000,34.980000,34.060001,34.230000,20.989506,1061600
2003-07-15,34.230000,34.689999,34.220001,34.450001,21.124403,794000
2003-07-16,34.650002,34.779999,34.040001,34.250000,21.001766,609800
2003-07-17,33.700001,34.099998,33.680000,34.000000,20.848463,1603000
2003-07-18,34.250000,34.490002,34.099998,34.450001,21.124403,649500
2003-07-21,34.270000,34.299999,33.459999,33.619999,20.615458,1044000
2003-07-22,33.849998,34.090000,33.669998,33.950001,20.817810,1074300
2003-07-23,34.009998,34.060001,33.400002,33.590000,20.597061,1023700
2003-07-24,33.590000,34.189999,33.380001,33.560001,20.578665,689300
2003-07-25,33.660000,34.509998,33.650002,34.000000,20.848463,1565200
2003-07-28,35.250000,35.900002,34.650002,34.770000,21.320621,3006500
2003-07-29,34.770000,34.849998,34.189999,34.360001,21.069216,1389300
2003-07-30,34.360001,34.650002,34.299999,34.500000,21.155067,622700
2003-07-31,34.349998,35.020000,34.259998,34.330002,21.050827,1034900
2003-08-01,34.250000,34.439999,34.070000,34.250000,21.001766,699700
2003-08-04,34.250000,34.400002,33.889999,34.200001,20.971107,978000
2003-08-05,34.049999,34.200001,33.549999,33.639999,20.627714,725800
2003-08-06,33.389999,33.939999,33.240002,33.730000,20.682909,850500
2003-08-07,33.799999,33.830002,33.299999,33.430000,20.498953,946500
2003-08-08,33.709999,33.959999,33.560001,33.799999,20.725840,440100
2003-08-11,33.860001,33.939999,33.400002,33.779999,20.713568,620300
2003-08-12,33.779999,33.849998,33.470001,33.650002,20.633852,704900
2003-08-13,33.799999,33.820000,33.509998,33.680000,20.652248,591500
2003-08-14,33.680000,33.980000,33.549999,33.880001,20.774887,616700
2003-08-15,33.900002,33.970001,33.500000,33.970001,20.830074,297800
2003-08-18,33.869999,34.090000,33.700001,33.730000,20.682909,372800
2003-08-19,33.730000,33.790001,33.389999,33.599998,20.603188,606300
2003-08-20,33.590000,33.740002,33.480000,33.680000,20.652248,741700
2003-08-21,33.680000,33.849998,33.220001,33.290001,20.413099,899700
2003-08-22,33.290001,33.380001,33.080002,33.209999,20.364042,963900
2003-08-25,33.209999,33.599998,33.209999,33.599998,20.603188,749000
2003-08-26,33.540001,33.770000,33.160000,33.750000,20.695166,884500
2003-08-27,33.490002,33.509998,33.259998,33.470001,20.678181,965900
2003-08-28,33.430000,33.500000,32.980000,33.439999,20.659645,1229400
2003-08-29,33.250000,33.580002,33.220001,33.529999,20.715248,616500
2003-09-02,33.509998,33.830002,33.299999,33.709999,20.826454,1745200
2003-09-03,33.810001,33.820000,33.259998,33.330002,20.591690,1522300
2003-09-04,33.330002,33.480000,33.119999,33.290001,20.566977,757100
2003-09-05,33.279999,33.340000,33.000000,33.189999,20.505192,933800
2003-09-08,33.150002,33.299999,33.029999,33.189999,20.505192,717900
2003-09-09,33.049999,33.369999,32.849998,33.250000,20.542263,1001600
2003-09-10,33.320000,33.619999,33.279999,33.439999,20.659645,787400
2003-09-11,33.500000,33.599998,33.220001,33.450001,20.665827,915600
2003-09-12,33.450001,33.450001,33.080002,33.340000,20.597864,837500
2003-09-15,33.450001,33.650002,33.250000,33.650002,20.789394,1275900
2003-09-16,33.669998,33.849998,33.500000,33.849998,20.912949,1003200
2003-09-17,33.770000,33.830002,33.349998,33.349998,20.604042,932200
2003-09-18,33.500000,33.959999,33.500000,33.910000,20.950016,863300
2003-09-19,33.820000,33.830002,33.110001,33.320000,20.585510,1244000
2003-09-22,33.099998,33.540001,33.099998,33.540001,20.721432,860400
2003-09-23,33.450001,33.590000,33.240002,33.400002,20.634937,605200
2003-09-24,33.200001,33.349998,33.000000,33.060001,20.424877,1027000
2003-09-25,33.209999,33.540001,33.139999,33.189999,20.505192,1082000
2003-09-26,33.049999,33.320000,33.000000,33.070000,20.431061,693100
2003-09-29,33.169998,33.169998,32.880001,32.919998,20.338388,664400
2003-09-30,32.950001,33.349998,32.599998,33.349998,20.604042,1446100
2003-10-01,33.299999,34.029999,33.200001,33.840000,20.906771,1453500
2003-10-02,33.740002,33.919998,33.590000,33.709999,20.826454,937800
2003-10-03,34.099998,34.450001,33.209999,34.009998,21.011799,1026800
2003-10-06,34.000000,34.150002,33.939999,33.950001,20.974724,511800
2003-10-07,33.599998,34.080002,33.599998,34.000000,21.005615,903100
2003-10-08,34.040001,34.099998,33.529999,33.939999,20.968555,563400
2003-10-09,34.270000,34.270000,33.500000,33.759998,20.857344,656100
2003-10-10,33.570000,33.840000,33.520000,33.700001,20.820280,398500
2003-10-13,33.900002,34.150002,33.750000,34.070000,21.048861,403700
2003-10-14,33.700001,34.000000,33.610001,33.880001,20.931482,570100
2003-10-15,34.000000,34.099998,33.770000,34.020000,21.017965,486000
2003-10-16,34.020000,34.020000,33.509998,34.000000,21.005615,540600
2003-10-17,34.099998,34.099998,33.599998,33.740002,20.844982,642000
2003-10-20,33.900002,34.000000,33.509998,34.000000,21.005615,455200
2003-10-21,34.060001,34.380001,33.990002,34.310001,21.197145,810200
2003-10-22,34.000000,34.290001,33.549999,33.730000,20.838814,717400
2003-10-23,33.549999,33.950001,33.520000,33.700001,20.820280,1084300
2003-10-24,33.549999,33.730000,33.349998,33.639999,20.783213,785100
2003-10-27,33.750000,33.840000,33.410000,33.549999,20.727602,607400
2003-10-28,33.799999,33.820000,33.450001,33.549999,20.727602,1103600
2003-10-29,33.430000,33.560001,33.230000,33.419998,20.647282,1465400
2003-10-30,33.250000,33.540001,33.099998,33.389999,20.628761,1468100
2003-10-31,32.770000,33.150002,32.599998,33.130001,20.468124,2086800
2003-11-03,33.950001,34.910000,33.880001,34.900002,21.561651,2888400
2003-11-04,34.900002,34.900002,34.430000,34.599998,21.376305,1583600
2003-11-05,34.799999,34.840000,34.130001,34.599998,21.376305,1208200
2003-11-06,34.470001,34.619999,34.150002,34.490002,21.308350,817600
2003-11-07,34.490002,35.180000,34.400002,35.180000,21.734642,1462600
2003-11-10,35.509998,35.580002,34.919998,35.000000,21.623432,1749900
2003-11-11,35.000000,35.090000,34.799999,35.049999,21.654318,988400
2003-11-12,35.000000,35.380001,34.680000,35.189999,21.740820,953300
2003-11-13,35.189999,35.380001,34.950001,35.330002,21.827312,948600
2003-11-14,35.230000,35.430000,35.080002,35.389999,21.864376,753300
2003-11-17,35.389999,35.500000,35.070000,35.349998,21.839666,981000
2003-11-18,35.270000,35.389999,35.029999,35.130001,21.703743,935700
2003-11-19,35.000000,35.400002,35.000000,35.290001,21.802593,1417800
2003-11-20,35.349998,35.380001,35.090000,35.150002,21.716105,656300
2003-11-21,35.310001,35.590000,35.009998,35.430000,21.889093,922700
2003-11-24,35.500000,35.950001,35.349998,35.900002,22.179466,1127700
2003-11-25,35.439999,35.840000,35.259998,35.740002,22.237015,1137700
2003-11-26,35.900002,35.900002,35.250000,35.509998,22.093910,762700
2003-11-28,35.380001,35.790001,35.250000,35.770000,22.255688,435600
2003-12-01,35.500000,35.830002,35.290001,35.810001,22.280573,844400
2003-12-02,35.599998,35.770000,35.490002,35.730000,22.230789,675800
2003-12-03,35.680000,36.160000,35.610001,35.869999,22.317896,836100
2003-12-04,35.950001,36.150002,35.830002,36.049999,22.429899,717500
2003-12-05,36.049999,36.230000,35.849998,36.119999,22.473455,738100
2003-12-08,36.119999,36.340000,36.119999,36.270000,22.566772,2217100
2003-12-09,36.430000,36.480000,36.279999,36.360001,22.622770,947800
2003-12-10,36.360001,36.360001,35.650002,35.689999,22.205906,1275600
2003-12-11,35.689999,36.000000,35.680000,35.889999,22.330343,775700
2003-12-12,35.970001,35.970001,35.650002,35.820000,22.286787,537400
2003-12-15,36.400002,36.820000,36.320000,36.500000,22.709879,1372100
2003-12-16,36.250000,36.669998,36.160000,36.610001,22.778322,1015800
2003-12-17,36.849998,36.849998,35.840000,35.840000,22.299244,1193200
2003-12-18,35.820000,36.919998,35.650002,36.820000,22.908981,1961300
2003-12-19,36.900002,37.000000,36.509998,36.750000,22.865427,1599800
2003-12-22,36.950001,37.009998,36.799999,36.869999,22.940090,993300
2003-12-23,36.869999,37.480000,36.869999,37.400002,23.269850,1016600
2003-12-24,37.490002,37.750000,37.400002,37.650002,23.425388,698800
2003-12-26,37.660000,37.869999,37.630001,37.799999,23.518724,435400
2003-12-29,37.799999,38.000000,37.750000,37.930000,23.599607,903200
2003-12-30,37.750000,38.360001,37.740002,38.290001,23.823610,832100
2003-12-31,38.290001,38.570000,37.930000,38.080002,23.692944,984800
2004-01-02,37.980000,38.240002,37.669998,37.799999,23.518724,827300
2004-01-05,38.020000,38.250000,37.740002,38.250000,23.798710,1128000
2004-01-06,38.029999,38.230000,37.750000,37.880001,23.568499,823900
2004-01-07,37.750000,37.779999,37.189999,37.610001,23.400509,1156800
2004-01-08,37.549999,37.910000,37.450001,37.820000,23.531157,707000
2004-01-09,37.660000,37.799999,37.450001,37.450001,23.300951,718300
2004-01-12,37.450001,37.889999,37.369999,37.770000,23.500057,879500
2004-01-13,37.770000,37.919998,37.009998,37.360001,23.244951,1037600
2004-01-14,37.500000,38.169998,37.500000,38.080002,23.692944,1097500
2004-01-15,37.900002,37.900002,37.270000,37.299999,23.207630,1287600
2004-01-16,37.630001,37.990002,37.330002,37.889999,23.574724,1173900
2004-01-20,37.639999,37.830002,37.290001,37.439999,23.294733,1059000
2004-01-21,37.310001,37.889999,37.299999,37.860001,23.556059,1047600
2004-01-22,37.810001,37.810001,37.470001,37.650002,23.425388,753200
2004-01-23,37.779999,37.939999,37.570000,37.869999,23.562277,693500
2004-01-26,37.900002,38.250000,37.900002,38.110001,23.711597,1019100
2004-01-27,38.220001,38.330002,37.980000,38.009998,23.649380,903500
2004-01-28,37.849998,38.330002,37.849998,38.000000,23.643162,732900
2004-01-29,38.009998,38.730000,38.000000,38.439999,23.916925,1974200
2004-01-30,38.349998,38.380001,37.799999,37.810001,23.524944,1247100
2004-02-02,37.299999,37.990002,37.299999,37.560001,23.369406,1443200
2004-02-03,37.400002,37.470001,37.000000,37.200001,23.145414,1813100
2004-02-04,37.250000,37.959999,37.150002,37.750000,23.487617,1253700
2004-02-05,37.900002,37.900002,37.570000,37.720001,23.468950,1135500
2004-02-06,37.730000,38.110001,37.500000,38.049999,23.674278,1116100
2004-02-09,37.930000,38.189999,37.689999,38.150002,23.736492,760500
2004-02-10,38.099998,38.459999,38.060001,38.450001,23.923149,1150700
2004-02-11,38.450001,38.840000,38.360001,38.700001,24.078699,1228000
2004-02-12,38.500000,38.639999,38.250000,38.549999,23.985361,576800
2004-02-13,38.990002,38.990002,38.090000,38.490002,23.948040,514700
2004-02-17,38.590000,38.849998,38.500000,38.610001,24.022697,538700
2004-02-18,38.730000,38.799999,38.480000,38.660000,24.053802,623100
2004-02-19,38.849998,38.849998,38.599998,38.750000,24.109806,719300
2004-02-20,38.849998,39.110001,38.740002,38.950001,24.234245,1189700
2004-02-23,38.770000,38.849998,38.630001,38.849998,24.172016,1071300
2004-02-24,38.700001,39.110001,38.650002,38.880001,24.190680,1012200
2004-02-25,39.169998,39.400002,39.020000,39.110001,24.333792,1453000
2004-02-26,39.000000,39.099998,38.830002,39.099998,24.327564,1132600
2004-02-27,39.029999,39.660000,38.950001,39.490002,24.570221,1085900
2004-03-01,39.150002,39.880001,39.150002,39.830002,24.781775,1274600
2004-03-02,39.509998,39.660000,39.200001,39.450001,24.701931,1268400
2004-03-03,39.450001,39.660000,39.270000,39.560001,24.770815,887500
2004-03-04,39.380001,39.450001,39.160000,39.320000,24.620531,751600
2004-03-05,39.139999,39.400002,39.119999,39.299999,24.607996,998900
2004-03-08,39.290001,39.500000,39.160000,39.320000,24.620531,620000
2004-03-09,39.119999,39.709999,39.060001,39.430000,24.689409,946200
2004-03-10,39.410000,39.799999,39.410000,39.650002,24.827169,1138400
2004-03-11,39.549999,39.549999,38.930000,39.099998,24.482771,1437700
2004-03-12,39.000000,39.549999,38.669998,39.549999,24.764547,1065800
2004-03-15,39.340000,39.410000,38.549999,38.660000,24.207268,1093400
2004-03-16,38.799999,39.049999,38.560001,38.939999,24.382597,1211400
2004-03-17,38.860001,39.279999,38.799999,39.180000,24.532867,695100
2004-03-18,39.230000,39.410000,39.000000,39.189999,24.539127,815000
2004-03-19,39.189999,39.279999,38.820000,38.869999,24.338766,1289900
2004-03-22,38.590000,38.799999,37.869999,38.020000,23.806526,1577500
2004-03-23,38.060001,38.599998,37.980000,38.360001,24.019421,1410100
2004-03-24,38.200001,38.299999,37.700001,38.029999,23.812790,2431700
2004-03-25,38.049999,38.799999,37.970001,38.799999,24.294928,989000
2004-03-26,38.639999,38.689999,38.410000,38.419998,24.056988,900400
2004-03-29,38.410000,39.389999,38.410000,39.360001,24.645584,1387400
2004-03-30,39.250000,39.480000,39.060001,39.169998,24.526606,1452400
2004-03-31,39.119999,39.410000,38.950001,39.240002,24.570446,846200
2004-04-01,39.029999,39.369999,39.029999,39.180000,24.532867,917000
2004-04-02,39.150002,39.330002,38.910000,39.189999,24.539127,975200
2004-04-05,38.970001,39.500000,38.970001,39.500000,24.733242,635100
2004-04-06,40.799999,41.250000,40.000000,40.340000,25.259207,3650800
2004-04-07,40.340000,40.750000,40.259998,40.669998,25.465841,2230800
2004-04-08,40.750000,40.939999,40.750000,40.910000,25.616119,1333900
2004-04-12,41.000000,41.150002,40.740002,40.750000,25.515936,1028800
2004-04-13,40.799999,40.820000,39.860001,40.160000,25.146505,1651100
2004-04-14,40.160000,40.360001,40.049999,40.360001,25.271732,1574000
2004-04-15,40.320000,40.740002,40.220001,40.720001,25.497156,1174100
2004-04-16,40.990002,41.360001,40.889999,41.340000,25.885368,1642200
2004-04-19,41.139999,41.419998,41.049999,41.230000,25.816490,826300
2004-04-20,41.240002,41.470001,41.049999,41.240002,25.822760,754800
2004-04-21,40.880001,41.419998,40.880001,41.150002,25.766403,1240800
2004-04-22,40.669998,42.410000,40.669998,42.410000,26.555363,2062600
2004-04-23,42.049999,43.020000,41.790001,42.820000,26.812090,2364700
2004-04-26,42.750000,43.119999,42.660000,42.930000,26.880955,1817400
2004-04-27,42.599998,43.400002,42.599998,42.880001,26.849653,1530000
2004-04-28,42.700001,42.799999,42.240002,42.369999,26.530323,1391500
2004-04-29,42.470001,43.020000,42.380001,42.990002,26.918541,1140800
2004-04-30,42.860001,43.410000,42.820000,42.900002,26.862171,1598900
2004-05-03,42.910000,43.410000,42.709999,43.320000,27.125166,880000
2004-05-04,43.029999,43.340000,42.730000,43.250000,27.081329,1072300
2004-05-05,42.910000,43.209999,42.779999,43.070000,26.968622,780600
2004-05-06,42.720001,43.119999,42.459999,42.990002,26.918541,749700
2004-05-07,42.750000,43.000000,42.340000,42.340000,26.511532,711900
2004-05-10,42.060001,42.389999,41.599998,41.910000,26.242285,1462100
2004-05-11,41.900002,41.990002,41.630001,41.980000,26.286106,886100
2004-05-12,41.750000,42.009998,41.290001,41.790001,26.167137,668400
2004-05-13,41.549999,41.970001,41.439999,41.790001,26.167137,1031000
2004-05-14,41.599998,42.450001,41.540001,42.020000,26.311157,1162800
2004-05-17,41.680000,42.049999,41.590000,41.720001,26.123304,1014000
2004-05-18,41.720001,42.240002,41.630001,42.139999,26.386301,877200
2004-05-19,42.380001,42.380001,41.820000,41.959999,26.273586,780500
2004-05-20,41.799999,42.200001,41.599998,42.200001,26.423872,772500
2004-05-21,42.200001,42.490002,42.009998,42.310001,26.492750,963600
2004-05-24,42.529999,42.529999,42.049999,42.169998,26.405075,1190100
2004-05-25,42.160000,42.299999,41.889999,42.230000,26.442646,1114800
2004-05-26,42.070000,42.660000,42.040001,42.630001,26.693115,966600
2004-05-27,42.500000,42.639999,42.080002,42.459999,26.745075,886500
2004-05-28,42.369999,42.500000,42.150002,42.400002,26.707287,626400
2004-06-01,42.250000,42.349998,41.910000,42.320000,26.656897,769100
2004-06-02,42.299999,42.959999,42.299999,42.639999,26.858459,849000
2004-06-03,42.450001,42.959999,42.369999,42.400002,26.707287,808400
2004-06-04,42.450001,42.849998,42.400002,42.459999,26.745075,739800
2004-06-07,42.520000,42.790001,42.520000,42.700001,26.896259,544600
2004-06-08,42.400002,42.799999,42.400002,42.770000,26.940340,1719500
2004-06-09,42.770000,42.790001,42.529999,42.570000,26.814367,786800
2004-06-10,42.580002,42.599998,42.250000,42.290001,26.637999,818300
2004-06-14,42.099998,42.150002,41.759998,41.889999,26.386045,732300
2004-06-15,42.000000,42.060001,41.770000,41.900002,26.392334,910600
2004-06-16,41.799999,41.820000,41.290001,41.580002,26.190781,1306200
2004-06-17,41.590000,41.590000,41.189999,41.200001,25.951422,675900
2004-06-18,41.099998,41.230000,40.790001,41.070000,25.869535,1124200
2004-06-21,41.029999,41.470001,41.000000,41.299999,26.014420,1130000
2004-06-22,41.299999,41.759998,41.220001,41.709999,26.272657,879300
2004-06-23,41.580002,41.709999,41.119999,41.580002,26.190781,809300
2004-06-24,41.439999,41.540001,41.189999,41.430000,26.096287,778600
2004-06-25,41.369999,41.599998,40.990002,41.169998,25.932520,898700
2004-06-28,41.419998,41.790001,41.150002,41.250000,25.982916,1062900
2004-06-29,41.049999,41.720001,41.049999,41.580002,26.190781,678000
2004-06-30,41.650002,41.910000,41.520000,41.849998,26.360838,695300
2004-07-01,41.349998,41.849998,40.990002,41.369999,26.058493,1173600
2004-07-02,41.150002,41.419998,41.139999,41.310001,26.020702,563500
2004-07-06,41.119999,41.450001,41.119999,41.189999,25.945129,693900
2004-07-07,41.150002,41.580002,41.130001,41.500000,26.140390,574500
2004-07-08,41.509998,42.009998,41.509998,41.820000,26.341946,1254300
2004-07-09,41.869999,41.919998,41.619999,41.849998,26.360838,571300
2004-07-12,41.700001,42.080002,41.549999,41.860001,26.367140,542600
2004-07-13,41.709999,41.709999,41.310001,41.490002,26.134085,436700
2004-07-14,41.400002,41.639999,41.169998,41.320000,26.027014,530100
2004-07-15,41.259998,41.439999,41.040001,41.250000,25.982916,448400
2004-07-16,41.500000,41.500000,41.099998,41.209999,25.957718,619100
2004-07-19,41.209999,41.389999,40.919998,41.160000,25.926212,552500
2004-07-20,41.090000,41.189999,40.779999,40.849998,25.730953,1177800
2004-07-21,40.990002,41.090000,40.599998,40.599998,25.573475,1099100
2004-07-22,40.400002,40.490002,40.020000,40.150002,25.290028,1044200
2004-07-23,39.990002,40.419998,39.990002,40.230000,25.340429,1468500
2004-07-26,40.240002,40.939999,39.880001,40.750000,25.667980,1634100
2004-07-27,41.099998,41.990002,40.910000,41.750000,26.297865,2115600
2004-07-28,41.599998,41.869999,41.119999,41.630001,26.222277,1344700
2004-07-29,41.750000,41.880001,41.500000,41.599998,26.203375,1035600
2004-07-30,41.450001,41.720001,41.349998,41.660000,26.241173,848500
2004-08-02,41.150002,41.669998,41.150002,41.450001,26.108900,1179500
2004-08-03,41.480000,41.480000,40.959999,41.279999,26.001804,1190900
2004-08-04,41.119999,41.400002,40.869999,41.299999,26.014420,520300
2004-08-05,41.180000,41.410000,40.950001,41.000000,25.825443,567200
2004-08-06,40.799999,41.250000,40.450001,40.759998,25.674274,1133100
2004-08-09,40.880001,40.900002,40.509998,40.509998,25.516796,755700
2004-08-10,40.570000,41.169998,40.259998,41.099998,25.888426,762700
2004-08-11,40.849998,41.459999,40.720001,41.259998,25.989206,801800
2004-08-12,41.119999,41.270000,40.779999,40.799999,25.699461,978900
2004-08-13,40.919998,41.049999,40.599998,40.889999,25.756153,626500
2004-08-16,40.799999,41.130001,40.630001,41.110001,25.894733,647300
2004-08-17,41.029999,41.110001,40.840000,41.099998,25.888426,772600
2004-08-18,41.060001,41.680000,41.000000,41.660000,26.241173,625700
2004-08-19,41.549999,41.590000,41.200001,41.520000,26.152983,601200
2004-08-20,41.439999,41.619999,41.200001,41.580002,26.190781,639500
2004-08-23,41.660000,41.910000,41.560001,41.779999,26.316750,691100
2004-08-24,41.900002,41.970001,41.820000,41.910000,26.398647,655400
2004-08-25,41.889999,42.150002,41.759998,42.080002,26.505714,927500
2004-08-26,42.000000,42.250000,42.000000,42.160000,26.556110,636200
2004-08-27,41.959999,42.130001,41.790001,42.009998,26.621056,768000
2004-08-30,41.900002,42.099998,41.720001,41.720001,26.437294,565000
2004-08-31,41.779999,41.980000,41.700001,41.980000,26.602066,511200
2004-09-01,41.779999,41.950001,41.520000,41.779999,26.475315,961200
2004-09-02,41.700001,42.139999,41.700001,42.099998,26.678097,630600
2004-09-03,42.080002,42.150002,41.919998,42.009998,26.621056,1401600
2004-09-07,42.020000,42.230000,41.919998,42.220001,26.754143,755800
2004-09-08,41.930000,42.090000,41.810001,41.970001,26.595718,997400
2004-09-09,42.070000,42.200001,41.840000,41.919998,26.564043,779400
2004-09-10,42.009998,42.119999,41.709999,42.119999,26.690771,1009200
2004-09-13,42.049999,42.099998,41.810001,42.000000,26.614723,652100
2004-09-14,42.049999,42.500000,41.580002,42.369999,26.849194,730400
2004-09-15,42.419998,42.919998,42.380001,42.669998,27.039307,1312000
2004-09-16,42.810001,42.810001,42.360001,42.509998,26.937916,559800
2004-09-17,42.759998,43.080002,42.639999,42.709999,27.064642,1170800
2004-09-20,42.720001,42.720001,42.189999,42.480000,26.918898,1429600
2004-09-21,42.400002,42.410000,41.930000,42.380001,26.855532,1001600
2004-09-22,42.169998,42.380001,42.009998,42.040001,26.640076,812800
2004-09-23,41.849998,42.150002,41.500000,41.500000,26.297892,918500
2004-09-24,41.450001,41.500000,41.160000,41.439999,26.259857,1008600
2004-09-27,41.430000,41.430000,41.099998,41.290001,26.164816,792600
2004-09-28,41.200001,41.630001,41.200001,41.389999,26.228180,623900
2004-09-29,41.470001,41.590000,41.220001,41.590000,26.354912,446800
2004-09-30,41.689999,42.880001,41.650002,42.660000,27.032948,1864300
2004-10-01,42.570000,43.009998,42.389999,42.700001,27.058317,984700
2004-10-04,43.049999,43.080002,42.689999,43.000000,27.248413,865900
2004-10-05,42.950001,43.029999,42.740002,42.959999,27.223061,656300
2004-10-06,42.970001,43.049999,42.650002,42.990002,27.242079,507900
2004-10-07,42.820000,42.970001,42.430000,42.439999,26.893547,603000
2004-10-08,42.450001,42.599998,41.950001,42.090000,26.671762,694600
2004-10-11,42.270000,42.500000,42.200001,42.500000,26.931576,405500
2004-10-12,42.160000,42.310001,41.919998,42.009998,26.621056,743100
2004-10-13,42.070000,42.160000,41.509998,41.779999,26.475315,578100
2004-10-14,41.939999,42.450001,41.889999,42.259998,26.779486,819400
2004-10-15,42.480000,42.660000,41.900002,42.049999,26.646408,1012000
2004-10-18,42.029999,42.669998,42.000000,42.580002,26.982265,799500
2004-10-19,42.580002,42.900002,42.400002,42.660000,27.032948,583200
2004-10-20,42.470001,42.840000,42.430000,42.610001,27.001284,710000
2004-10-21,42.730000,43.000000,42.450001,42.939999,27.210392,1005400
2004-10-22,42.779999,42.860001,42.250000,42.410000,26.874542,1064700
2004-10-25,43.000000,43.500000,42.639999,43.150002,27.343456,1401400
2004-10-26,43.000000,43.150002,42.740002,42.779999,27.109003,1709000
2004-10-27,42.549999,43.110001,42.490002,42.939999,27.210392,1051800
2004-10-28,42.730000,43.119999,42.689999,43.110001,27.318121,1231200
2004-10-29,43.110001,43.200001,42.880001,43.000000,27.248413,1118200
2004-11-01,42.720001,43.090000,42.200001,42.560001,26.969595,1621600
2004-11-02,42.250000,42.860001,42.250000,42.619999,27.007620,2048900
2004-11-03,42.619999,43.279999,42.619999,43.270000,27.419506,2477600
2004-11-04,43.160000,44.110001,43.099998,44.020000,27.894775,1299200
2004-11-05,44.000000,44.639999,43.830002,44.270000,28.053192,1079600
2004-11-08,44.070000,44.400002,44.040001,44.349998,28.103888,884400
2004-11-09,44.380001,44.509998,44.000000,44.200001,28.008839,824700
2004-11-10,44.349998,44.529999,44.099998,44.340000,28.097555,706200
2004-11-11,44.349998,44.700001,44.200001,44.599998,28.262308,777200
2004-11-12,44.610001,45.000000,44.509998,45.000000,28.515772,830400
2004-11-15,44.849998,44.990002,44.610001,44.980000,28.503105,749800
2004-11-16,44.980000,45.119999,44.669998,44.740002,28.351028,684700
2004-11-17,44.900002,44.980000,44.330002,44.570000,28.243290,903700
2004-11-18,44.619999,44.939999,44.500000,44.869999,28.433403,645700
2004-11-19,44.779999,44.820000,44.230000,44.290001,28.065870,758800
2004-11-22,44.400002,45.320000,44.240002,45.240002,28.667868,1215400
2004-11-23,45.230000,45.279999,44.900002,45.029999,28.694948,832100
2004-11-24,45.020000,45.189999,44.610001,44.650002,28.452803,606800
2004-11-26,44.540001,45.180000,44.540001,45.009998,28.682198,253000
2004-11-29,45.000000,45.189999,43.279999,43.470001,27.700851,4299300
2004-11-30,43.270000,43.840000,43.080002,43.700001,27.847406,2204800
2004-12-01,43.570000,44.290001,43.570000,44.279999,28.217014,1167500
2004-12-02,44.250000,44.349998,43.849998,44.180000,28.153288,669300
2004-12-03,44.369999,44.860001,44.090000,44.480000,28.344461,830000
2004-12-06,44.270000,44.380001,44.139999,44.349998,28.261612,755400
2004-12-07,44.220001,44.250000,43.299999,43.299999,27.592525,1112400
2004-12-08,43.250000,43.570000,43.080002,43.400002,27.656246,1042900
2004-12-09,43.349998,43.459999,42.880001,43.250000,27.560663,1118300
2004-12-10,44.029999,44.029999,42.840000,43.380001,27.643501,1066000
2004-12-13,43.560001,43.639999,43.009998,43.480000,27.707224,844400
2004-12-14,43.290001,44.299999,43.270000,44.160000,28.140556,1294400
2004-12-15,44.160000,44.220001,43.880001,44.119999,28.115057,826100
2004-12-16,44.299999,44.590000,44.049999,44.500000,28.357208,697200
2004-12-17,43.950001,44.480000,43.939999,44.020000,28.051332,1393300
2004-12-20,44.009998,44.349998,43.740002,44.020000,28.051332,573200
2004-12-21,44.200001,44.470001,43.740002,44.380001,28.280739,1024000
2004-12-22,44.209999,44.590000,44.209999,44.439999,28.318977,908100
2004-12-23,44.619999,44.740002,44.459999,44.549999,28.389072,457400
2004-12-27,44.650002,44.770000,44.419998,44.419998,28.306229,473200
2004-12-28,44.570000,44.619999,44.230000,44.610001,28.427303,466700
2004-12-29,44.430000,44.480000,44.029999,44.220001,28.178787,489000
2004-12-30,44.650002,44.740002,44.410000,44.490002,28.350834,482700
2004-12-31,44.639999,44.799999,44.279999,44.660000,28.459169,471600
2005-01-03,44.680000,44.900002,44.160000,44.360001,28.267992,1327900
2005-01-04,44.380001,44.709999,43.939999,44.200001,28.166052,1263100
2005-01-05,44.200001,44.939999,44.200001,44.470001,28.338102,1546800
2005-01-06,44.299999,44.619999,44.150002,44.529999,28.376322,1039000
2005-01-07,44.750000,44.770000,44.139999,44.209999,28.172415,993800
2005-01-10,44.070000,44.189999,44.000000,44.119999,28.115057,1152400
2005-01-11,44.090000,44.230000,43.820000,44.160000,28.140556,857600
2005-01-12,44.099998,44.250000,43.900002,44.049999,28.070457,987800
2005-01-13,43.849998,44.150002,43.799999,43.860001,27.949385,784100
2005-01-14,43.750000,44.389999,43.740002,44.299999,28.229761,786700
2005-01-18,44.080002,44.980000,43.990002,44.980000,28.663086,1027300
2005-01-19,44.980000,44.990002,44.520000,44.650002,28.452803,764100
2005-01-20,44.650002,44.709999,44.119999,44.320000,28.242519,1161400
2005-01-21,44.299999,44.470001,44.119999,44.299999,28.229761,561400
2005-01-24,44.310001,44.549999,44.230000,44.320000,28.242519,656900
2005-01-25,44.470001,44.619999,44.160000,44.459999,28.331728,658500
2005-01-26,44.660000,44.660000,44.099998,44.290001,28.223387,1492700
2005-01-27,44.389999,44.970001,44.250000,44.950001,28.643970,985400
2005-01-28,44.770000,45.290001,44.770000,45.290001,28.860624,1443400
2005-01-31,44.939999,45.590000,44.369999,44.639999,28.446423,1931400
2005-02-01,44.299999,44.950001,44.000000,44.950001,28.643970,1151700
2005-02-02,44.799999,44.919998,44.430000,44.700001,28.484663,1430700
2005-02-03,44.500000,44.650002,44.040001,44.279999,28.217014,1353400
2005-02-04,44.509998,44.590000,44.299999,44.450001,28.325342,1894400
2005-02-07,44.340000,44.830002,44.340000,44.630001,28.440054,981500
2005-02-08,44.349998,44.450001,44.110001,44.299999,28.229761,1142300
2005-02-09,44.490002,44.490002,44.209999,44.369999,28.274372,1113400
2005-02-10,44.369999,44.610001,44.209999,44.590000,28.414560,1675400
2005-02-11,44.700001,45.330002,44.580002,44.900002,28.612112,1928600
2005-02-14,45.000000,45.150002,44.810001,44.950001,28.643970,995500
2005-02-15,44.799999,45.130001,44.750000,44.950001,28.643970,889700
2005-02-16,44.900002,44.910000,44.459999,44.840000,28.573864,981300
2005-02-17,44.700001,44.830002,44.119999,44.290001,28.223387,1369200
2005-02-18,44.150002,44.220001,43.860001,44.009998,28.044964,1096300
2005-02-22,43.349998,43.869999,43.200001,43.669998,27.828304,1220400
2005-02-23,43.299999,44.020000,43.160000,43.840000,27.936634,1492500
2005-02-24,43.939999,44.150002,43.660000,44.000000,28.038591,1095500
2005-02-25,43.750000,44.380001,43.590000,44.299999,28.392696,1271800
2005-02-28,44.029999,44.389999,43.799999,44.000000,28.200420,1351900
2005-03-01,43.790001,44.500000,43.759998,44.389999,28.450375,1306700
2005-03-02,44.389999,44.610001,44.049999,44.240002,28.354235,737100
2005-03-03,44.290001,44.580002,44.200001,44.340000,28.418331,602200
2005-03-04,44.500000,44.770000,44.400002,44.580002,28.572153,818500
2005-03-07,44.540001,44.580002,43.990002,44.130001,28.283733,1084600
2005-03-08,44.040001,44.080002,43.869999,43.869999,28.117104,1179400
2005-03-09,43.880001,43.930000,43.560001,43.709999,28.014549,1273400
2005-03-10,43.919998,44.180000,43.730000,43.730000,28.027365,808700
2005-03-11,43.799999,43.900002,43.220001,43.349998,27.783833,989400
2005-03-14,43.349998,43.560001,43.040001,43.509998,27.886372,2119800
2005-03-15,43.599998,43.689999,43.320000,43.330002,27.771009,902000
2005-03-16,43.270000,43.400002,42.950001,43.060001,27.597961,846200
2005-03-17,43.009998,43.009998,42.410000,42.410000,27.181362,1891500
2005-03-18,42.610001,43.610001,42.599998,42.810001,27.437717,6796500
2005-03-21,42.830002,43.270000,42.750000,43.049999,27.591549,1770400
2005-03-22,42.799999,43.500000,42.730000,42.759998,27.405685,1584700
2005-03-23,42.650002,42.980000,42.509998,42.880001,27.482599,1798000
2005-03-24,43.099998,43.150002,42.590000,42.820000,27.444139,1051700
2005-03-28,43.000000,43.400002,42.810001,42.830002,27.450548,1456400
2005-03-29,42.779999,43.250000,42.730000,42.840000,27.456949,1067600
2005-03-30,43.090000,43.340000,43.009998,43.200001,27.687695,1167600
2005-03-31,43.299999,43.369999,43.139999,43.270000,27.732540,910000
2005-04-01,43.240002,43.410000,42.509998,42.689999,27.360817,1125400
2005-04-04,42.750000,43.250000,42.439999,43.070000,27.604364,1204500
2005-04-05,43.189999,43.619999,43.189999,43.439999,27.841503,1218300
2005-04-06,43.439999,43.599998,43.340000,43.400002,27.815868,612500
2005-04-07,43.470001,43.680000,43.320000,43.520000,27.892780,792700
2005-04-08,43.509998,43.650002,43.299999,43.299999,27.751785,567800
2005-04-11,43.220001,43.570000,43.090000,43.139999,27.649227,665300
2005-04-12,43.139999,43.669998,42.869999,43.430000,27.835098,825500
2005-04-13,43.330002,43.639999,43.060001,43.099998,27.623590,741800
2005-04-14,43.099998,43.500000,43.099998,43.459999,27.854328,1112400
2005-04-15,43.529999,43.669998,43.419998,43.430000,27.835098,2082600
2005-04-18,43.500000,43.509998,43.209999,43.230000,27.706907,1813600
2005-04-19,43.070000,43.250000,42.590000,42.959999,27.533854,1074800
2005-04-20,42.910000,43.119999,42.580002,42.689999,27.360817,850600
2005-04-21,42.849998,43.180000,42.799999,43.049999,27.591549,803600
2005-04-22,42.930000,43.099998,42.650002,42.919998,27.508215,1313700
2005-04-25,43.020000,43.340000,42.880001,43.000000,27.559509,1034900
2005-04-26,42.869999,43.080002,42.689999,42.799999,27.431313,832700
2005-04-27,42.650002,43.150002,42.349998,42.799999,27.431313,1064900
2005-04-28,43.500000,43.910000,43.299999,43.560001,27.918427,2743400
2005-04-29,43.970001,44.950001,43.849998,44.950001,28.809294,3092400
2005-05-02,44.599998,44.980000,44.430000,44.900002,28.777250,1370700
2005-05-03,44.779999,45.250000,44.709999,45.110001,28.911848,1803900
2005-05-04,45.049999,45.520000,44.799999,45.480000,29.148975,1173800
2005-05-05,45.450001,45.740002,45.189999,45.380001,29.084885,1096500
2005-05-06,45.500000,45.750000,45.439999,45.459999,29.136156,1150600
2005-05-09,45.470001,45.740002,45.220001,45.520000,29.174616,1032800
2005-05-10,45.529999,45.639999,45.049999,45.189999,28.963127,957000
2005-05-11,45.299999,45.500000,44.900002,45.139999,28.931072,840200
2005-05-12,45.169998,45.590000,45.070000,45.080002,28.892609,856600
2005-05-13,45.070000,45.130001,44.669998,44.900002,28.777250,748000
2005-05-16,45.099998,45.419998,45.040001,45.310001,29.040028,740400
2005-05-17,45.160000,45.400002,45.000000,45.270000,29.014383,742900
2005-05-18,45.369999,45.720001,45.200001,45.570000,29.206669,1001400
2005-05-19,45.439999,45.580002,45.310001,45.450001,29.129757,735200
2005-05-20,45.500000,45.500000,45.070000,45.189999,28.963127,951900
2005-05-23,45.150002,45.689999,45.080002,45.660000,29.264347,651300
2005-05-24,45.400002,45.680000,45.180000,45.619999,29.238701,885000
2005-05-25,45.520000,45.779999,45.360001,45.580002,29.213074,1161400
2005-05-26,45.590000,45.980000,45.549999,45.810001,29.360493,880800
2005-05-27,45.349998,45.750000,45.349998,45.750000,29.484545,698600
2005-05-31,45.750000,45.750000,45.349998,45.490002,29.316992,889700
2005-06-01,45.220001,46.020000,45.209999,46.020000,29.658550,1479100
2005-06-02,45.900002,46.189999,45.770000,46.119999,29.722994,1004800
2005-06-03,46.180000,46.470001,46.000000,46.180000,29.761663,975900
2005-06-06,46.180000,46.490002,46.180000,46.380001,29.890564,916200
2005-06-07,46.490002,46.889999,46.349998,46.419998,29.916325,1330200
2005-06-08,46.500000,46.500000,45.930000,46.099998,29.710096,1057300
2005-06-09,46.200001,46.200001,45.750000,46.139999,29.735891,895900
2005-06-10,45.900002,45.910000,45.279999,45.520000,29.336311,1459200
2005-06-13,45.250000,45.630001,45.090000,45.160000,29.104315,1206600
2005-06-14,45.160000,45.259998,45.009998,45.160000,29.104315,1696100
2005-06-15,45.119999,45.270000,44.869999,45.270000,29.175194,956600
2005-06-16,45.349998,45.349998,44.910000,45.259998,29.168751,1579400
2005-06-17,45.410000,45.720001,45.200001,45.500000,29.323423,1990600
2005-06-20,45.500000,45.610001,45.209999,45.549999,29.355644,760500
2005-06-21,45.549999,45.639999,45.160000,45.360001,29.233200,692400
2005-06-22,45.490002,45.590000,45.160000,45.450001,29.291206,546800
2005-06-23,45.400002,45.400002,44.770000,44.900002,28.936747,618700
2005-06-24,44.810001,44.990002,44.470001,44.470001,28.659622,667600
2005-06-27,44.470001,44.500000,44.200001,44.410000,28.620943,866500
2005-06-28,44.410000,44.820000,44.380001,44.750000,28.840073,608900
2005-06-29,44.650002,44.650002,44.340000,44.529999,28.698286,892400
2005-06-30,44.549999,44.860001,44.410000,44.439999,28.640287,881700
2005-07-01,44.580002,44.730000,44.360001,44.639999,28.769176,560000
2005-07-05,44.540001,44.880001,44.410000,44.580002,28.730513,583700
2005-07-06,44.270000,44.610001,44.270000,44.389999,28.608059,913700
2005-07-07,44.060001,44.169998,43.500000,44.090000,28.414721,835900
2005-07-08,44.099998,44.790001,44.099998,44.630001,28.762739,558900
2005-07-11,44.680000,44.689999,44.250000,44.299999,28.550058,961100
2005-07-12,44.099998,44.830002,44.090000,44.720001,28.820734,876300
2005-07-13,44.400002,44.610001,44.279999,44.540001,28.704731,760300
2005-07-14,45.490002,45.490002,44.700001,44.820000,28.885189,718200
2005-07-15,44.680000,44.900002,44.680000,44.799999,28.872299,531200
2005-07-18,44.599998,44.660000,44.310001,44.369999,28.595181,927100
2005-07-19,44.400002,44.500000,44.310001,44.470001,28.659622,747800
2005-07-20,44.299999,44.560001,44.099998,44.529999,28.698286,606900
2005-07-21,44.500000,44.560001,44.160000,44.520000,28.691849,835300
2005-07-22,44.599998,44.669998,44.369999,44.490002,28.672512,529200
2005-07-25,44.480000,44.689999,44.369999,44.400002,28.614511,597000
2005-07-26,44.400002,44.820000,44.200001,44.459999,28.653179,709500
2005-07-27,45.000000,45.430000,44.849998,44.869999,28.917412,1329800
2005-07-28,45.189999,45.900002,45.049999,45.869999,29.561876,1358100
2005-07-29,45.750000,45.939999,45.250000,45.310001,29.200979,980100
2005-08-01,45.250000,45.480000,44.959999,45.000000,29.001188,802500
2005-08-02,44.970001,45.549999,44.680000,45.490002,29.316992,893100
2005-08-03,45.360001,45.549999,45.209999,45.459999,29.297642,633500
2005-08-04,45.330002,45.349998,44.959999,45.169998,29.110752,629500
2005-08-05,45.009998,45.180000,44.660000,44.820000,28.885189,1043700
2005-08-08,44.950001,45.250000,44.810001,44.860001,28.910973,703600
2005-08-09,45.009998,45.240002,44.919998,45.009998,29.007627,649600
2005-08-10,45.189999,45.730000,45.169998,45.360001,29.233200,832100
2005-08-11,45.389999,45.590000,45.020000,45.590000,29.381414,669600
2005-08-12,45.590000,45.740002,45.200001,45.299999,29.194530,909800
2005-08-15,45.439999,45.610001,45.169998,45.599998,29.387877,554200
2005-08-16,46.000000,46.369999,45.189999,45.330002,29.213865,1803200
2005-08-17,45.430000,45.740002,45.330002,45.560001,29.362085,1311500
2005-08-18,45.610001,45.770000,45.580002,45.619999,29.400759,978700
2005-08-19,45.860001,46.000000,45.630001,45.740002,29.478092,752800
2005-08-22,45.779999,46.020000,45.500000,45.750000,29.484545,1043000
2005-08-23,45.799999,45.880001,45.419998,45.480000,29.310534,550000
2005-08-24,45.500000,45.580002,45.169998,45.220001,29.142977,878800
2005-08-25,45.299999,45.500000,45.029999,45.200001,29.130093,1112100
2005-08-26,45.060001,45.470001,45.020000,45.160000,29.104315,1077500
2005-08-29,45.189999,45.490002,45.110001,45.430000,29.278313,959500
2005-08-30,45.119999,45.130001,44.599998,44.910000,29.121067,976300
2005-08-31,44.910000,45.389999,44.490002,45.330002,29.393398,889700
2005-09-01,45.080002,45.820000,45.020000,45.150002,29.276686,852700
2005-09-02,45.180000,45.360001,45.009998,45.169998,29.289656,746900
2005-09-06,45.470001,45.930000,45.310001,45.799999,29.698177,870800
2005-09-07,45.810001,45.889999,45.610001,45.860001,29.737078,1389400
2005-09-08,45.700001,45.910000,45.419998,45.509998,29.510130,754100
2005-09-09,45.650002,45.910000,45.480000,45.830002,29.717630,679800
2005-09-12,45.759998,45.799999,45.259998,45.410000,29.445278,1076700
2005-09-13,45.419998,45.419998,44.930000,45.299999,29.373968,1230200
2005-09-14,45.389999,45.560001,45.270000,45.360001,29.412857,1672400
2005-09-15,45.389999,45.509998,45.090000,45.500000,29.503632,1893900
2005-09-16,45.509998,45.799999,44.980000,45.000000,29.179413,8158100
2005-09-19,45.000000,45.000000,44.480000,44.669998,28.965443,1779100
2005-09-20,44.750000,44.820000,44.459999,44.650002,28.952480,1539700
2005-09-21,44.380001,44.450001,43.849998,43.910000,28.472637,1782300
2005-09-22,44.080002,44.290001,43.419998,43.830002,28.420750,1617700
2005-09-23,43.840000,44.150002,43.720001,44.060001,28.569902,1316100
2005-09-26,44.529999,44.750000,44.200001,44.230000,28.680134,2241000
2005-09-27,44.480000,45.669998,44.340000,45.310001,29.380449,2517600
2005-09-28,45.919998,46.119999,45.220001,45.369999,29.419346,1020300
2005-09-29,45.500000,45.790001,45.189999,45.750000,29.665752,1453400
2005-09-30,46.990002,46.990002,45.959999,46.130001,29.912161,1794400
2005-10-03,46.070000,46.279999,45.939999,46.189999,29.951057,1160100
2005-10-04,46.320000,46.669998,46.060001,46.110001,29.899174,1332600
2005-10-05,46.020000,46.099998,45.770000,45.770000,29.678713,1098400
2005-10-06,45.939999,46.080002,45.580002,45.820000,29.711149,1252600
2005-10-07,46.020000,46.020000,45.299999,45.610001,29.574961,835700
2005-10-10,45.810001,46.169998,45.459999,45.639999,29.594425,985300
2005-10-11,45.650002,45.919998,45.630001,45.709999,29.639803,838200
2005-10-12,46.029999,46.150002,45.599998,45.689999,29.626846,872700
2005-10-13,45.500000,45.939999,45.330002,45.580002,29.555519,1153000
2005-10-14,45.450001,45.959999,45.250000,45.810001,29.704664,1027900
2005-10-17,45.910000,46.049999,45.599998,46.000000,29.827862,1075300
2005-10-18,46.020000,46.400002,45.880001,46.049999,29.860287,897400
2005-10-19,45.919998,46.090000,45.459999,46.090000,29.886223,926400
2005-10-20,45.930000,46.119999,45.580002,45.689999,29.626846,1036200
2005-10-21,45.880001,46.130001,45.630001,46.090000,29.886223,1506900
2005-10-24,46.160000,46.490002,46.000000,46.369999,30.067785,802200
2005-10-25,46.250000,46.439999,45.860001,46.389999,30.080746,758900
2005-10-26,46.470001,46.700001,46.040001,46.130001,29.912161,1324300
2005-10-27,46.139999,46.160000,45.740002,45.869999,29.743568,758400
2005-10-28,46.209999,46.520000,46.110001,46.459999,30.126135,1079000
2005-10-31,45.000000,45.250000,43.500000,44.169998,28.641235,7273500
2005-11-01,44.169998,44.840000,44.169998,44.689999,28.978422,3040800
2005-11-02,44.439999,44.450001,44.000000,44.240002,28.686613,2093700
2005-11-03,44.340000,44.340000,43.799999,44.049999,28.563427,1877000
2005-11-04,44.049999,44.160000,43.880001,43.900002,28.466148,1563100
2005-11-07,43.950001,44.360001,43.919998,44.119999,28.608805,1198500
2005-11-08,44.119999,44.119999,43.840000,43.950001,28.498577,958500
2005-11-09,43.759998,44.259998,43.759998,44.160000,28.634748,1121600
2005-11-10,44.250000,44.900002,44.139999,44.830002,29.069187,1267500
2005-11-11,44.759998,44.939999,44.360001,44.869999,29.095125,621500
2005-11-14,44.820000,44.849998,44.540001,44.700001,28.984890,881200
2005-11-15,44.599998,44.750000,44.200001,44.360001,28.764425,1364200
2005-11-16,44.470001,44.480000,43.980000,43.980000,28.518034,1209900
2005-11-17,44.259998,44.299999,43.900002,44.250000,28.693102,2991800
2005-11-18,44.580002,44.680000,44.360001,44.570000,28.900591,1250200
2005-11-21,44.509998,44.990002,44.509998,44.849998,29.082153,1241000
2005-11-22,44.849998,45.060001,44.840000,45.000000,29.179413,1513500
2005-11-23,45.000000,45.209999,44.799999,45.150002,29.276686,1240100
2005-11-25,45.270000,45.290001,45.000000,45.180000,29.296150,285800
2005-11-28,45.119999,45.279999,45.060001,45.240002,29.335049,1581800
2005-11-29,45.119999,45.299999,45.000000,45.049999,29.392138,1470800
2005-11-30,45.150002,45.160000,43.990002,44.070000,28.752750,2592700
2005-12-01,44.270000,44.599998,44.169998,44.439999,28.994150,1293200
2005-12-02,44.500000,44.680000,43.349998,44.560001,29.072439,1039600
2005-12-05,44.560001,44.570000,44.110001,44.349998,28.935427,1138000
2005-12-06,44.360001,44.369999,44.139999,44.209999,28.844103,1079200
2005-12-07,44.090000,44.189999,43.759998,43.830002,28.596155,1331100
2005-12-08,43.959999,44.040001,43.779999,43.910000,28.648361,594800
2005-12-09,43.910000,44.099998,43.849998,43.889999,28.635311,741400
2005-12-12,44.009998,44.020000,43.639999,43.849998,28.609222,1547000
2005-12-13,43.799999,44.189999,43.570000,43.919998,28.654881,2293200
2005-12-14,43.950001,44.730000,43.939999,44.439999,28.994150,1674000
2005-12-15,44.439999,44.700001,44.310001,44.430000,28.987629,1271800
2005-12-16,44.779999,44.779999,44.389999,44.630001,29.118118,1699100
2005-12-19,44.580002,44.590000,44.250000,44.360001,28.941957,712800
2005-12-20,44.470001,44.709999,44.090000,44.549999,29.065920,1352700
2005-12-21,44.730000,44.880001,44.180000,44.189999,28.831039,970300
2005-12-22,44.189999,44.549999,44.169998,44.360001,28.941957,1157100
2005-12-23,44.360001,44.500000,43.860001,44.130001,28.791891,889000
2005-12-27,44.119999,44.119999,43.720001,43.840000,28.602686,1139500
2005-12-28,43.840000,43.990002,43.599998,43.770000,28.557011,1165600
2005-12-29,43.599998,43.709999,43.389999,43.480000,28.367811,1152200
2005-12-30,43.480000,43.500000,43.220001,43.220001,28.198174,832600
2006-01-03,43.950001,44.000000,43.500000,43.720001,28.524405,2062900
2006-01-04,44.000000,44.150002,43.830002,44.099998,28.772327,1945800
2006-01-05,44.049999,44.320000,44.000000,44.259998,28.876717,1389000
2006-01-06,44.310001,44.500000,44.209999,44.400002,28.968054,1016000
2006-01-09,44.470001,44.639999,44.410000,44.610001,29.105076,1169700
2006-01-10,44.700001,44.840000,44.470001,44.480000,29.020250,1066300
2006-01-11,44.740002,44.740002,44.090000,44.189999,28.831039,1107000
2006-01-12,44.369999,44.430000,43.720001,43.980000,28.694029,1584000
2006-01-13,44.139999,44.290001,43.720001,43.759998,28.550489,1124400
2006-01-17,43.560001,44.130001,43.560001,43.750000,28.543974,1399900
2006-01-18,43.700001,44.090000,43.700001,43.750000,28.543974,949700
2006-01-19,43.759998,44.250000,43.750000,43.810001,28.583113,1102200
2006-01-20,43.810001,43.869999,43.250000,43.330002,28.269955,995900
2006-01-23,43.330002,43.340000,42.900002,43.130001,28.139484,1344500
2006-01-24,43.240002,43.470001,43.049999,43.139999,28.145992,646600
2006-01-25,43.259998,43.590000,43.189999,43.500000,28.380857,1796000
2006-01-26,43.680000,43.799999,43.540001,43.650002,28.478735,1083900
2006-01-27,43.660000,43.930000,43.400002,43.750000,28.543974,1035400
2006-01-30,43.560001,43.910000,43.520000,43.680000,28.498299,956600
2006-01-31,43.799999,43.980000,42.639999,42.900002,27.989403,3264200
2006-02-01,43.150002,44.049999,43.090000,43.669998,28.491774,3030600
2006-02-02,43.770000,44.020000,43.560001,43.720001,28.524405,1295200
2006-02-03,43.730000,43.790001,43.060001,43.290001,28.243862,1222500
2006-02-06,43.290001,43.490002,43.000000,43.090000,28.113382,2208000
2006-02-07,42.939999,43.029999,42.540001,42.689999,27.852388,1481200
2006-02-08,42.790001,42.900002,42.410000,42.639999,27.819784,1643000
2006-02-09,42.759998,43.070000,42.680000,42.930000,28.008982,1244400
2006-02-10,42.959999,43.169998,42.840000,43.009998,28.061172,1481000
2006-02-13,43.009998,43.099998,42.830002,42.950001,28.022026,930300
2006-02-14,43.040001,43.279999,42.910000,43.099998,28.119886,1602000
2006-02-15,43.049999,43.830002,43.000000,43.779999,28.563541,1820600
2006-02-16,43.980000,44.549999,43.889999,44.439999,28.994150,3253700
2006-02-17,44.320000,44.599998,44.320000,44.500000,29.033306,2206700
2006-02-21,44.669998,44.939999,44.599998,44.750000,29.196398,1794500
2006-02-22,44.799999,44.970001,44.639999,44.959999,29.333418,1659100
2006-02-23,45.000000,45.240002,44.959999,45.099998,29.424761,1663500
2006-02-24,45.150002,45.150002,44.810001,44.930000,29.313843,1022200
2006-02-27,44.630001,44.889999,44.509998,44.580002,29.266241,1171800
2006-02-28,44.450001,44.580002,44.150002,44.310001,29.089003,1056800
2006-03-01,44.240002,44.450001,44.209999,44.320000,29.095566,785100
2006-03-02,44.320000,44.330002,44.029999,44.270000,29.062740,776600
2006-03-03,44.270000,44.419998,44.110001,44.230000,29.036478,841500
2006-03-06,44.209999,44.500000,44.119999,44.209999,29.023359,1053000
2006-03-07,44.209999,44.560001,44.160000,44.500000,29.213739,1346100
2006-03-08,44.529999,45.230000,44.500000,44.950001,29.509148,2295300
2006-03-09,44.959999,45.209999,44.959999,45.139999,29.633881,1294500
2006-03-10,45.049999,45.279999,44.950001,45.279999,29.725790,981600
2006-03-13,45.259998,45.410000,45.049999,45.310001,29.745497,1286900
2006-03-14,45.310001,45.599998,45.259998,45.580002,29.922743,1571100
2006-03-15,45.459999,45.779999,45.150002,45.700001,30.001528,1865300
2006-03-16,45.730000,45.730000,44.830002,45.200001,29.673283,1818600
2006-03-17,45.450001,45.480000,45.080002,45.480000,29.857088,1819900
2006-03-20,45.490002,45.540001,45.220001,45.290001,29.732359,582000
2006-03-21,45.480000,45.540001,45.099998,45.160000,29.647015,1135800
2006-03-22,45.209999,45.410000,45.119999,45.400002,29.804567,708400
2006-03-23,45.259998,45.380001,44.820000,45.000000,29.541981,836200
2006-03-24,45.770000,45.770000,44.700001,44.980000,29.528851,734400
2006-03-27,44.880001,44.980000,44.509998,44.630001,29.299078,795100
2006-03-28,44.509998,45.270000,43.790001,43.830002,28.773870,1796200
2006-03-29,43.950001,44.619999,43.860001,44.220001,29.029911,1980800
2006-03-30,44.180000,44.389999,44.000000,44.180000,29.003649,644000
2006-03-31,44.299999,44.380001,43.980000,44.040001,28.911751,1213400
2006-04-03,44.040001,44.419998,43.919998,44.020000,28.898607,1036900
2006-04-04,44.070000,44.279999,44.000000,44.020000,28.898607,778600
2006-04-05,44.220001,44.500000,44.220001,44.270000,29.062740,1239500
2006-04-06,44.209999,44.459999,44.049999,44.099998,28.951138,1197700
2006-04-07,44.099998,44.160000,43.849998,43.900002,28.819836,1135800
2006-04-10,44.040001,44.209999,43.900002,43.990002,28.878923,819700
2006-04-11,43.860001,44.000000,43.610001,43.779999,28.741055,1003300
2006-04-12,43.500000,43.549999,43.130001,43.209999,28.366869,2697700
2006-04-13,43.259998,43.509998,43.060001,43.110001,28.301220,846800
2006-04-17,43.250000,43.500000,43.060001,43.189999,28.353724,827900
2006-04-18,43.250000,43.549999,43.160000,43.340000,28.452206,1064500
2006-04-19,43.430000,43.980000,43.430000,43.919998,28.832962,1072500
2006-04-20,44.049999,44.209999,43.810001,44.049999,28.918306,877800
2006-04-21,44.250000,44.380001,44.000000,44.200001,29.016785,663500
2006-04-24,44.099998,44.580002,44.029999,44.570000,29.259695,1225600
2006-04-25,44.590000,44.680000,44.419998,44.549999,29.246555,1253800
2006-04-26,44.720001,45.230000,44.599998,45.000000,29.541981,1311000
2006-04-27,45.000000,45.650002,44.900002,45.599998,29.935869,1941000
2006-04-28,45.799999,46.639999,45.799999,46.310001,30.401979,4098200
2006-05-01,46.160000,46.490002,46.000000,46.259998,30.369152,2013600
2006-05-02,46.009998,46.230000,45.849998,46.150002,30.296940,2422100
2006-05-03,46.099998,46.150002,45.900002,45.980000,30.185337,1273300
2006-05-04,46.000000,46.369999,45.970001,46.279999,30.382278,1437500
2006-05-05,46.099998,46.439999,46.099998,46.389999,30.454477,1395800
2006-05-08,46.349998,46.549999,46.180000,46.400002,30.461054,1341900
2006-05-09,46.450001,46.669998,46.330002,46.509998,30.533266,1048400
2006-05-10,46.459999,46.810001,46.410000,46.740002,30.684258,1142300
2006-05-11,46.560001,46.680000,46.200001,46.360001,30.434795,908500
2006-05-12,46.299999,46.410000,45.889999,46.060001,30.237860,1978900
2006-05-15,46.119999,46.299999,45.950001,46.250000,30.362593,1670900
2006-05-16,46.160000,46.529999,46.040001,46.480000,30.513571,1731700
2006-05-17,46.400002,46.459999,45.849998,45.990002,30.191887,2113300
2006-05-18,46.029999,46.160000,45.720001,45.830002,30.086853,890600
2006-05-19,46.040001,46.169998,45.750000,45.889999,30.126251,1625400
2006-05-22,45.740002,46.340000,45.740002,46.250000,30.362593,3081200
2006-05-23,46.250000,46.349998,46.000000,46.049999,30.231298,1616700
2006-05-24,46.040001,46.639999,45.820000,46.580002,30.579227,1531100
2006-05-25,46.720001,47.119999,46.509998,47.119999,30.933731,1912200
2006-05-26,47.230000,47.470001,47.150002,47.310001,31.058472,1229700
2006-05-30,47.009998,47.299999,46.750000,46.910000,30.977566,1656300
2006-05-31,46.990002,47.250000,46.759998,47.099998,31.103043,1608100
2006-06-01,47.090000,47.439999,47.020000,47.400002,31.301157,1241400
2006-06-02,47.240002,47.849998,47.119999,47.669998,31.479448,1204600
2006-06-05,47.200001,47.660000,47.180000,47.259998,31.208702,1169400
2006-06-06,47.740002,47.889999,47.400002,47.770000,31.545485,2171400
2006-06-07,47.869999,47.889999,47.310001,47.310001,31.241709,1506000
2006-06-08,47.250000,47.400002,46.259998,46.849998,30.937935,2343200
2006-06-09,46.910000,47.340000,46.799999,47.000000,31.036999,1063700
2006-06-12,47.250000,47.400002,46.810001,46.869999,30.951159,1235900
2006-06-13,46.939999,46.980000,46.410000,46.590000,30.766256,1395900
2006-06-14,46.549999,46.840000,46.250000,46.740002,30.865314,1585000
2006-06-15,46.939999,47.340000,46.580002,47.340000,31.261518,1622900
2006-06-16,47.000000,47.540001,46.740002,47.369999,31.281328,1953200
2006-06-19,47.730000,47.740002,46.799999,46.869999,30.951159,1381300
2006-06-20,47.000000,47.590000,46.900002,47.490002,31.360588,1172500
2006-06-21,47.450001,47.750000,47.419998,47.470001,31.347383,1105800
2006-06-22,47.570000,48.099998,47.500000,48.020000,31.710567,1955100
2006-06-23,47.919998,48.090000,47.500000,47.830002,31.585112,1207100
2006-06-26,47.709999,47.860001,47.639999,47.820000,31.578482,1628300
2006-06-27,48.000000,48.150002,47.400002,47.400002,31.301157,1904400
2006-06-28,47.599998,47.790001,47.459999,47.660000,31.472841,825700
2006-06-29,47.790001,48.410000,47.730000,48.290001,31.888868,1305100
2006-06-30,48.250000,48.500000,48.209999,48.430000,31.981327,1125500
2006-07-03,48.080002,48.740002,48.060001,48.650002,32.126595,2318600
2006-07-05,48.410000,48.630001,48.310001,48.400002,31.961512,992800
2006-07-06,48.220001,48.669998,47.880001,47.980000,31.684158,1877400
2006-07-07,47.830002,47.930000,47.360001,47.529999,31.386992,1791600
2006-07-10,47.599998,48.509998,47.520000,48.450001,31.994535,1170800
2006-07-11,48.490002,48.959999,48.439999,48.950001,32.324699,1315200
2006-07-12,48.950001,49.139999,48.540001,48.639999,32.119991,1576800
2006-07-13,48.189999,48.200001,47.630001,47.970001,31.677555,1706400
2006-07-14,47.830002,48.080002,47.720001,48.070000,31.743591,1274500
2006-07-17,48.689999,49.110001,48.529999,48.849998,32.258678,2028400
2006-07-18,48.599998,48.770000,48.299999,48.660000,32.133209,1618300
2006-07-19,48.990002,49.000000,48.560001,48.919998,32.304909,2089200
2006-07-20,49.150002,49.250000,48.750000,48.830002,32.245464,1154000
2006-07-21,48.849998,48.939999,48.480000,48.740002,32.186043,1012300
2006-07-24,48.889999,49.110001,48.759998,49.099998,32.423767,997200
2006-07-25,49.099998,49.380001,48.740002,49.330002,32.575645,1669600
2006-07-26,49.169998,49.389999,48.830002,48.930000,32.311497,1648700
2006-07-27,48.880001,48.959999,47.639999,47.799999,31.565292,3129900
2006-07-28,47.820000,48.400002,47.310001,48.380001,31.948303,2007700
2006-07-31,48.299999,48.680000,48.040001,48.169998,31.809624,1627700
2006-08-01,47.990002,48.279999,47.590000,47.810001,31.571898,1200900
2006-08-02,47.770000,48.270000,47.759998,48.270000,31.875660,1145100
2006-08-03,48.520000,48.520000,48.020000,48.070000,31.743591,724400
2006-08-04,47.860001,48.410000,47.860001,48.279999,31.882271,784600
2006-08-07,48.189999,48.279999,47.799999,47.860001,31.604927,662100
2006-08-08,48.000000,48.529999,47.930000,48.430000,31.981327,807800
2006-08-09,48.630001,48.750000,48.150002,48.209999,31.836042,793400
2006-08-10,48.230000,48.919998,48.070000,48.830002,32.245464,969700
2006-08-11,48.650002,49.400002,48.500000,48.939999,32.318096,2884300
2006-08-14,49.150002,49.939999,49.020000,49.599998,32.753944,1123900
2006-08-15,49.889999,49.950001,49.630001,49.740002,32.846394,1143400
2006-08-16,49.740002,50.029999,49.570000,50.029999,33.037899,1377900
2006-08-17,49.849998,49.959999,49.200001,49.500000,32.687908,1009200
2006-08-18,49.509998,49.669998,49.380001,49.669998,32.800167,508900
2006-08-21,49.669998,49.849998,49.299999,49.560001,32.727539,1224800
2006-08-22,49.419998,49.880001,49.410000,49.799999,32.886021,556000
2006-08-23,49.799999,49.990002,49.290001,49.410000,32.628468,615100
2006-08-24,49.529999,49.840000,49.310001,49.799999,32.886021,557500
2006-08-25,49.799999,49.900002,49.520000,49.799999,32.886021,509600
2006-08-28,49.799999,50.349998,49.639999,50.209999,33.156761,934400
2006-08-29,50.150002,50.790001,49.959999,50.689999,33.473732,1378200
2006-08-30,50.400002,50.680000,50.330002,50.560001,33.580662,782600
2006-08-31,50.400002,50.869999,50.389999,50.700001,33.673656,965600
2006-09-01,50.529999,50.660000,50.310001,50.520000,33.554111,1084500
2006-09-05,50.340000,50.470001,50.119999,50.279999,33.394707,586000
2006-09-06,50.110001,50.290001,49.570000,50.240002,33.368130,1034100
2006-09-07,50.299999,50.500000,49.759998,49.810001,33.082542,733700
2006-09-08,49.750000,50.029999,49.650002,49.959999,33.182167,1087900
2006-09-11,49.970001,50.220001,49.799999,50.110001,33.281792,768000
2006-09-12,50.290001,50.599998,50.049999,50.470001,33.520901,1474000
2006-09-13,50.470001,50.470001,49.619999,49.650002,32.976269,1560600
2006-09-14,49.689999,50.400002,49.689999,50.200001,33.341557,1275200
2006-09-15,50.330002,50.330002,49.709999,49.709999,33.016121,2130700
2006-09-18,49.959999,49.959999,49.279999,49.490002,32.869991,1442900
2006-09-19,49.369999,49.680000,49.200001,49.610001,32.949707,1151100
2006-09-20,49.709999,49.860001,49.500000,49.500000,32.876644,829100
2006-09-21,49.939999,50.090000,49.610001,49.740002,33.036053,1310300
2006-09-22,49.799999,49.970001,49.529999,49.919998,33.155598,1138200
2006-09-25,49.990002,50.380001,49.779999,50.240002,33.368130,1095600
2006-09-26,50.070000,50.470001,49.889999,50.230000,33.361492,1102000
2006-09-27,49.700001,50.060001,49.259998,49.910000,33.148952,1403500
2006-09-28,49.980000,49.980000,49.540001,49.810001,33.082542,849900
2006-09-29,49.939999,49.939999,49.490002,49.520000,32.889931,1144700
2006-10-02,49.330002,49.490002,48.840000,49.250000,32.710598,1052700
2006-10-03,49.160000,49.639999,48.990002,49.290001,32.737164,1235400
2006-10-04,49.220001,49.650002,49.049999,49.630001,32.962990,723400
2006-10-05,49.790001,49.970001,49.470001,49.900002,33.142311,657200
2006-10-06,49.869999,49.869999,49.529999,49.689999,33.002823,686200
2006-10-09,49.570000,49.820000,49.310001,49.520000,32.889931,574300
2006-10-10,49.639999,49.639999,48.980000,49.150002,32.644176,1082400
2006-10-11,49.150002,49.230000,48.779999,49.020000,32.557835,1210900
2006-10-12,49.020000,49.060001,48.500000,48.990002,32.537910,1440300
2006-10-13,48.740002,48.799999,47.880001,47.900002,31.813963,1691000
2006-10-16,47.900002,48.410000,47.709999,48.369999,32.126137,2031200
2006-10-17,48.369999,49.340000,48.209999,49.189999,32.670753,2497500
2006-10-18,49.349998,49.580002,49.049999,49.540001,32.903206,1689500
2006-10-19,49.540001,49.549999,49.150002,49.430000,32.830139,1243700
2006-10-20,49.509998,49.580002,49.279999,49.389999,32.803574,1276100
2006-10-23,49.299999,49.779999,49.160000,49.750000,33.042686,812500
2006-10-24,49.549999,49.790001,49.270000,49.660000,32.982903,1583900
2006-10-25,49.730000,49.849998,49.419998,49.639999,32.969616,1455400
2006-10-26,49.799999,50.700001,49.630001,50.209999,33.348202,2458600
2006-10-27,50.060001,50.500000,49.520000,50.000000,33.208736,1355600
2006-10-30,50.000000,50.169998,49.790001,50.099998,33.275146,884900
2006-10-31,50.110001,50.490002,50.110001,50.310001,33.414619,1125700
2006-11-01,50.240002,50.430000,49.779999,49.779999,33.062618,1609600
2006-11-02,49.790001,49.939999,49.400002,49.590000,32.936417,1749800
2006-11-03,49.590000,49.599998,49.230000,49.369999,32.790295,966500
2006-11-06,49.369999,49.790001,49.369999,49.590000,32.936417,2035500
2006-11-07,49.750000,49.919998,49.560001,49.770000,33.055973,1350800
2006-11-08,49.779999,49.860001,49.139999,49.599998,32.943069,1684700
2006-11-09,49.720001,49.750000,49.250000,49.470001,32.856712,1111000
2006-11-10,49.610001,49.610001,49.130001,49.360001,32.783649,1100300
2006-11-13,49.130001,49.570000,49.130001,49.430000,32.830139,767400
2006-11-14,49.430000,49.889999,49.320000,49.759998,33.049316,926600
2006-11-15,49.759998,49.889999,49.410000,49.779999,33.062618,1620600
2006-11-16,49.900002,50.009998,49.830002,50.009998,33.215374,773000
2006-11-17,49.869999,50.250000,49.730000,50.150002,33.308361,1094700
2006-11-20,50.040001,50.209999,49.900002,49.970001,33.188812,655300
2006-11-21,49.910000,50.110001,49.590000,50.000000,33.208736,1292500
2006-11-22,49.950001,50.540001,49.900002,50.299999,33.407970,963500
2006-11-24,50.230000,50.500000,50.020000,50.099998,33.275146,509700
2006-11-27,50.099998,50.599998,49.709999,49.810001,33.082542,1593200
2006-11-28,49.810001,50.160000,49.750000,49.810001,33.082542,1556400
2006-11-29,49.509998,49.830002,49.380001,49.509998,33.076511,1148000
2006-11-30,50.090000,50.090000,49.580002,49.779999,33.256908,1135500
2006-12-01,49.639999,49.860001,49.330002,49.599998,33.136646,661000
2006-12-04,49.650002,49.900002,49.610001,49.849998,33.303665,1199600
2006-12-05,49.959999,50.250000,49.810001,50.090000,33.464012,1800600
2006-12-06,50.090000,50.430000,49.700001,50.430000,33.691162,2305200
2006-12-07,50.400002,50.430000,49.400002,49.540001,33.096569,2133700
2006-12-08,49.599998,49.950001,49.410000,49.919998,33.350441,1111400
2006-12-11,50.000000,50.000000,49.639999,49.939999,33.363800,731800
2006-12-12,50.000000,50.660000,49.779999,50.610001,33.811420,2307000
2006-12-13,50.430000,50.790001,50.270000,50.470001,33.717880,1648100
2006-12-14,50.570000,50.939999,50.480000,50.750000,33.904938,865400
2006-12-15,50.860001,50.860001,50.480000,50.580002,33.791367,1512400
2006-12-18,50.709999,50.709999,50.439999,50.610001,33.811420,584300
2006-12-19,50.750000,50.790001,50.349998,50.790001,33.931667,1335800
2006-12-20,50.950001,50.950001,50.270000,50.410000,33.677795,1265400
2006-12-21,50.500000,50.810001,50.340000,50.459999,33.711193,1263800
2006-12-22,50.560001,50.740002,50.110001,50.110001,33.477371,776900
2006-12-26,50.160000,50.540001,50.150002,50.480000,33.724564,808900
2006-12-27,50.599998,50.750000,50.509998,50.509998,33.744606,459400
2006-12-28,50.500000,50.799999,50.439999,50.590000,33.798054,579200
2006-12-29,50.570000,50.630001,50.009998,50.060001,33.443974,590300
2007-01-03,50.290001,51.000000,50.230000,50.450001,33.704517,1455100
2007-01-04,50.450001,50.500000,50.009998,50.060001,33.443974,952100
2007-01-05,50.049999,50.049999,49.540001,49.720001,33.216812,1377800
2007-01-08,49.599998,49.900002,49.470001,49.840000,33.296982,603200
2007-01-09,49.849998,50.130001,49.599998,49.950001,33.370483,1047000
2007-01-10,49.790001,50.349998,49.720001,50.209999,33.544178,1107700
2007-01-11,50.259998,50.590000,50.209999,50.470001,33.717880,765400
2007-01-12,50.400002,50.490002,50.139999,50.230000,33.557541,944500
2007-01-16,50.349998,50.549999,50.029999,50.439999,33.697830,1287900
2007-01-17,50.459999,50.500000,50.119999,50.250000,33.570900,792200
2007-01-18,50.250000,50.279999,49.939999,50.110001,33.477371,816400
2007-01-19,50.220001,50.220001,49.779999,50.000000,33.403893,1197400
2007-01-22,50.000000,50.430000,49.990002,50.369999,33.651066,1029000
2007-01-23,50.180000,50.470001,50.099998,50.279999,33.590946,910500
2007-01-24,50.189999,50.549999,50.090000,50.480000,33.724564,755700
2007-01-25,50.529999,50.830002,50.250000,50.270000,33.584278,964700
2007-01-26,50.279999,50.500000,50.250000,50.320000,33.617672,790300
2007-01-29,50.389999,50.939999,50.250000,50.810001,33.945034,1614600
2007-01-30,50.750000,50.750000,50.070000,50.209999,33.544178,3013200
2007-01-31,49.869999,50.090000,48.950001,49.270000,32.916191,4164800
2007-02-01,49.270000,49.439999,48.970001,49.389999,32.996349,2722400
2007-02-02,49.480000,49.570000,48.950001,48.980000,32.722439,2204700
2007-02-05,49.080002,49.220001,48.880001,49.000000,32.735798,2268400
2007-02-06,49.119999,49.180000,48.900002,48.980000,32.722439,2206600
2007-02-07,49.060001,49.080002,48.740002,48.990002,32.729118,1560200
2007-02-08,49.000000,49.070000,48.680000,48.990002,32.729118,1668200
2007-02-09,49.090000,49.250000,48.790001,48.889999,32.662327,1750700
2007-02-12,49.080002,49.150002,48.889999,48.959999,32.709076,2406500
2007-02-13,48.910000,49.240002,48.889999,49.040001,32.762543,1897000
2007-02-14,49.060001,49.759998,49.060001,49.630001,33.156693,1989800
2007-02-15,49.509998,49.840000,49.290001,49.320000,32.949577,1599300
2007-02-16,49.189999,49.880001,49.099998,49.779999,33.256908,2423200
2007-02-20,49.639999,50.070000,49.310001,49.599998,33.136646,2132900
2007-02-21,49.599998,49.599998,49.279999,49.369999,32.982986,1477000
2007-02-22,49.740002,50.049999,49.639999,49.770000,33.250225,1573400
2007-02-23,49.709999,50.020000,49.599998,49.840000,33.296982,1850800
2007-02-26,49.950001,50.419998,49.910000,50.349998,33.637711,1730100
2007-02-27,49.810001,50.259998,48.889999,49.080002,32.979862,2788300
2007-02-28,49.110001,49.919998,49.110001,49.840000,33.490562,2839300
2007-03-01,49.580002,49.869999,49.189999,49.689999,33.389759,2102700
2007-03-02,49.520000,49.869999,49.240002,49.240002,33.087368,1729400
2007-03-05,49.000000,49.610001,48.910000,49.259998,33.100826,1900800
2007-03-06,49.369999,49.560001,49.160000,49.380001,33.181454,1622800
2007-03-07,49.950001,50.220001,49.740002,49.860001,33.503994,2046700
2007-03-08,49.980000,50.459999,49.930000,50.320000,33.813099,2038500
2007-03-09,50.520000,50.790001,50.169998,50.470001,33.913895,1962000
2007-03-12,50.400002,51.000000,50.400002,50.889999,34.196121,1434800
2007-03-13,50.889999,51.000000,50.410000,50.540001,33.960911,3203600
2007-03-14,50.849998,51.150002,50.200001,50.669998,34.048279,2292900
2007-03-15,50.580002,51.070000,50.400002,51.060001,34.310349,1349800
2007-03-16,51.099998,51.150002,50.380001,50.549999,33.967655,1817800
2007-03-19,50.650002,51.150002,50.610001,51.020000,34.283470,2195000
2007-03-20,50.880001,51.330002,50.880001,51.290001,34.464905,1064300
2007-03-21,51.220001,51.790001,51.000000,51.689999,34.733673,1130400
2007-03-22,51.500000,52.020000,51.500000,51.880001,34.861359,1267100
2007-03-23,51.889999,51.939999,51.599998,51.740002,34.767284,878300
2007-03-26,51.650002,51.650002,51.139999,51.549999,34.639614,1161100
2007-03-27,51.560001,51.560001,51.060001,51.439999,34.565685,976200
2007-03-28,51.310001,51.580002,51.029999,51.110001,34.343933,1093500
2007-03-29,51.750000,51.750000,50.880001,51.180000,34.390976,1286600
2007-03-30,51.349998,51.869999,50.970001,51.430000,34.558964,1334200
2007-04-02,51.369999,52.060001,51.310001,51.900002,34.874794,2237800
2007-04-03,52.000000,52.160000,51.849998,52.070000,34.989029,1493900
2007-04-04,52.070000,52.139999,51.889999,51.959999,34.915115,1300600
2007-04-05,51.880001,51.970001,51.720001,51.770000,34.787445,1116500
2007-04-09,51.860001,51.950001,51.680000,51.779999,34.794155,956000
2007-04-10,51.599998,51.919998,51.590000,51.810001,34.814316,935100
2007-04-11,51.599998,51.730000,51.400002,51.529999,34.626167,1225300
2007-04-12,51.189999,51.660000,51.180000,51.459999,34.579132,1002300
2007-04-13,51.500000,51.689999,51.439999,51.560001,34.646343,1047500
2007-04-16,51.689999,52.020000,51.599998,52.009998,34.948708,1078600
2007-04-17,52.029999,52.490002,52.000000,52.250000,35.109985,1294300
2007-04-18,52.250000,52.389999,52.000000,52.310001,35.150311,895700
2007-04-19,53.000000,53.000000,51.860001,51.930000,34.894951,1006800
2007-04-20,52.290001,52.560001,52.110001,52.540001,35.304855,1401300
2007-04-23,52.500000,52.750000,52.400002,52.540001,35.304855,703600
2007-04-24,52.639999,52.770000,52.400002,52.570000,35.325005,678500
2007-04-25,52.730000,52.919998,52.490002,52.900002,35.546749,783700
2007-04-26,52.099998,52.900002,52.099998,52.759998,35.452675,1061700
2007-04-27,52.759998,53.139999,52.520000,53.080002,35.667706,1074500
2007-04-30,53.900002,54.000000,52.910000,52.910000,35.553474,2057300
2007-05-01,53.119999,53.450001,52.830002,53.369999,35.862568,1186700
2007-05-02,53.349998,53.349998,52.700001,52.980000,35.600498,1580700
2007-05-03,52.959999,53.000000,52.389999,52.860001,35.519878,2030000
2007-05-04,53.060001,53.299999,52.630001,53.209999,35.755062,1023300
2007-05-07,53.349998,53.480000,53.169998,53.340000,35.842411,647200
2007-05-08,53.169998,53.840000,53.169998,53.599998,36.017128,1365800
2007-05-09,53.689999,54.139999,53.689999,54.110001,36.359821,2591700
2007-05-10,53.910000,53.919998,52.720001,53.240002,35.775227,1534000
2007-05-11,53.299999,53.299999,52.810001,53.070000,35.660988,1348300
2007-05-14,53.000000,53.560001,52.950001,53.299999,35.815536,1157200
2007-05-15,53.299999,53.389999,52.919998,52.970001,35.593792,1401300
2007-05-16,53.000000,53.630001,52.980000,53.580002,36.003689,1087900
2007-05-17,53.450001,53.570000,53.220001,53.290001,35.808819,1524200
2007-05-18,53.330002,53.700001,53.279999,53.650002,36.050728,1321200
2007-05-21,53.540001,53.740002,53.430000,53.599998,36.017128,1344800
2007-05-22,53.590000,53.790001,53.330002,53.619999,36.030575,896500
2007-05-23,53.720001,53.750000,53.119999,53.130001,35.701313,924900
2007-05-24,53.500000,53.970001,53.240002,53.349998,35.849140,1432500
2007-05-25,53.410000,53.880001,53.389999,53.490002,35.943214,937300
2007-05-29,53.480000,54.389999,53.459999,53.779999,36.138084,1418900
2007-05-30,53.490002,53.950001,53.049999,53.950001,36.449547,1878400
2007-05-31,53.990002,54.130001,53.540001,53.980000,36.469807,1395700
2007-06-01,54.049999,54.419998,54.009998,54.320000,36.699509,1832700
2007-06-04,53.880001,54.180000,53.700001,54.040001,36.510338,1302000
2007-06-05,53.630001,53.750000,52.959999,53.009998,35.814453,3119000
2007-06-06,52.900002,53.150002,52.639999,52.889999,35.733383,1924300
2007-06-07,52.630001,52.730000,51.830002,51.849998,35.030739,2078000
2007-06-08,51.560001,52.060001,51.209999,52.049999,35.165871,1969100
2007-06-11,52.040001,52.580002,51.750000,52.450001,35.436111,3088300
2007-06-12,51.980000,52.290001,51.650002,51.650002,34.895618,1641300
2007-06-13,51.990002,52.290001,51.810001,52.160000,35.240189,2399200
2007-06-14,52.060001,52.240002,51.939999,52.099998,35.199638,1665400
2007-06-15,52.139999,52.500000,52.060001,52.169998,35.246937,1801600
2007-06-18,52.189999,52.290001,51.820000,51.919998,35.078041,2010500
2007-06-19,51.919998,52.099998,51.790001,51.919998,35.078041,2867200
2007-06-20,52.000000,52.070000,51.590000,51.599998,34.861839,2958600
2007-06-21,51.619999,52.150002,51.619999,51.830002,35.017239,1842900
2007-06-22,51.830002,52.000000,51.299999,51.360001,34.699684,1935900
2007-06-25,51.320000,52.080002,51.130001,51.900002,35.064526,2561400
2007-06-26,52.070000,52.139999,51.490002,51.669998,34.909126,2285900
2007-06-27,51.470001,51.889999,51.349998,51.400002,34.726727,2631100
2007-06-28,51.250000,51.750000,51.049999,51.540001,34.821304,1741700
2007-06-29,51.650002,51.939999,51.419998,51.790001,34.990204,1872900
2007-07-02,51.830002,52.139999,51.689999,51.759998,34.969929,1555900
2007-07-03,51.779999,51.830002,51.459999,51.500000,34.794277,745500
2007-07-05,51.349998,52.139999,51.349998,51.939999,35.091553,1535500
2007-07-06,51.750000,51.750000,51.220001,51.689999,34.922630,1214300
2007-07-09,51.799999,52.029999,51.529999,51.669998,34.909126,929700
2007-07-10,51.590000,51.730000,51.240002,51.340000,34.686188,1169800
2007-07-11,51.320000,51.610001,51.250000,51.500000,34.794277,1215300
2007-07-12,51.689999,52.250000,51.400002,52.250000,35.300991,1494200
2007-07-13,52.139999,52.380001,51.740002,52.230000,35.287495,1485700
2007-07-16,52.150002,52.310001,51.939999,51.959999,35.105057,1130400
2007-07-17,51.459999,51.849998,51.330002,51.369999,34.706448,2252900
2007-07-18,51.320000,51.840000,51.240002,51.750000,34.963181,2757200
2007-07-19,51.810001,52.259998,51.730000,52.189999,35.260448,1123400
2007-07-20,52.020000,52.139999,51.660000,51.759998,34.969929,2184200
2007-07-23,52.070000,52.369999,51.919998,52.209999,35.273960,1507200
2007-07-24,51.919998,52.169998,51.650002,51.770000,34.976681,2902300
2007-07-25,51.040001,52.180000,51.040001,51.919998,35.078041,2616900
2007-07-26,52.000000,52.619999,51.820000,51.910000,35.071274,4766600
2007-07-27,52.320000,52.849998,51.529999,51.950001,35.098297,3891300
2007-07-30,52.000000,52.250000,51.720001,52.090000,35.192894,3428100
2007-07-31,52.349998,52.439999,51.770000,51.810001,35.003723,2847300
2007-08-01,51.020000,52.240002,51.020000,52.200001,35.267216,3366200
2007-08-02,51.450001,52.400002,51.450001,52.160000,35.240189,2042100
2007-08-03,52.110001,53.369999,52.049999,52.580002,35.523945,3270800
2007-08-06,52.689999,54.770000,52.689999,54.770000,37.003540,3114300
2007-08-07,54.419998,54.930000,53.970001,54.529999,36.841400,3023400
2007-08-08,54.700001,55.980000,54.630001,55.400002,37.429195,3784600
2007-08-09,55.180000,55.520000,53.750000,53.750000,36.314411,2699900
2007-08-10,53.080002,53.770000,53.049999,53.320000,36.023903,3476300
2007-08-13,53.400002,53.540001,52.279999,53.230000,35.963097,1988600
2007-08-14,53.220001,53.700001,53.110001,53.279999,35.996872,1775400
2007-08-15,53.389999,53.910000,53.240002,53.299999,36.010391,2554400
2007-08-16,53.230000,54.340000,53.000000,53.910000,36.422512,3771000
2007-08-17,55.150002,55.340000,53.950001,54.200001,36.618450,2412900
2007-08-20,54.349998,54.849998,53.570000,53.860001,36.388733,1595700
2007-08-21,53.500000,54.070000,53.119999,53.580002,36.199566,1405800
2007-08-22,54.040001,54.200001,53.520000,54.000000,36.483326,2150000
2007-08-23,54.389999,54.490002,53.779999,54.169998,36.598183,1462200
2007-08-24,54.299999,54.720001,54.040001,54.599998,36.888695,1143500
2007-08-27,54.430000,55.299999,54.430000,55.070000,37.206234,1473100
2007-08-28,54.830002,55.130001,53.869999,53.900002,36.415752,1496500
2007-08-29,53.950001,54.480000,53.910000,54.480000,37.020535,1336100
2007-08-30,54.150002,54.889999,53.880001,54.540001,37.061306,1416300
2007-08-31,54.880001,55.240002,54.680000,54.930000,37.326317,1726400
2007-09-04,55.000000,55.500000,54.830002,55.360001,37.618519,1342800
2007-09-05,54.930000,55.250000,54.430000,54.619999,37.115654,1488500
2007-09-06,54.799999,55.500000,54.660000,55.080002,37.428249,984100
2007-09-07,54.740002,55.500000,54.410000,54.599998,37.102081,1969100
2007-09-10,54.630001,55.090000,54.020000,54.849998,37.271965,1442100
2007-09-11,54.950001,55.689999,54.910000,55.650002,37.815582,1303900
2007-09-12,55.299999,55.880001,55.259998,55.630001,37.801983,1858200
2007-09-13,55.779999,55.799999,55.259998,55.470001,37.693253,1332400
2007-09-14,55.320000,56.209999,55.290001,56.150002,38.155346,1502300
2007-09-17,55.980000,56.580002,55.700001,56.150002,38.155346,1986800
2007-09-18,56.320000,56.700001,56.000000,56.410000,38.332012,2470500
2007-09-19,56.500000,56.700001,55.509998,56.150002,38.155346,2734400
2007-09-20,56.279999,56.709999,56.200001,56.330002,38.277664,1545000
2007-09-21,56.849998,56.889999,55.779999,55.990002,38.046608,4225400
2007-09-24,55.980000,56.139999,55.509998,55.730000,37.869930,1703400
2007-09-25,55.099998,55.529999,54.799999,54.930000,37.326317,2263400
2007-09-26,55.150002,55.950001,55.060001,55.470001,37.693253,1478400
2007-09-27,55.500000,55.959999,55.419998,55.820000,37.931095,1574800
2007-09-28,55.900002,56.060001,55.619999,56.000000,38.053417,962100
2007-10-01,55.889999,56.310001,55.799999,55.939999,38.012642,1189600
2007-10-02,55.900002,56.000000,55.180000,55.549999,37.747620,1612200
2007-10-03,55.369999,55.459999,54.529999,54.669998,37.149643,1375200
2007-10-04,54.730000,55.180000,54.730000,54.990002,37.367092,1158200
2007-10-05,55.189999,55.400002,54.900002,55.130001,37.462227,995300
2007-10-08,55.209999,55.380001,54.860001,55.000000,37.373886,929200
2007-10-09,55.000000,55.349998,54.910000,55.349998,37.611725,1107700
2007-10-10,55.200001,55.419998,54.939999,55.099998,37.441837,670900
2007-10-11,55.200001,55.360001,54.189999,54.360001,36.938988,1683400
2007-10-12,54.570000,55.090000,54.419998,54.990002,37.367092,1198700
2007-10-15,54.790001,55.130001,54.200001,54.410000,36.972969,1367900
2007-10-16,54.480000,54.869999,54.299999,54.540001,37.061306,1573200
2007-10-17,54.869999,54.950001,54.290001,54.480000,37.020535,1579700
2007-10-18,54.349998,54.799999,53.889999,54.020000,36.707954,1749200
2007-10-19,53.730000,54.220001,53.500000,53.500000,36.354603,1712200
2007-10-22,53.150002,54.049999,53.130001,53.830002,36.578827,1390000
2007-10-23,53.500000,54.299999,53.180000,54.240002,36.857433,1924600
2007-10-24,54.080002,54.580002,53.810001,54.340000,36.925400,2175600
2007-10-25,54.419998,54.430000,54.049999,54.279999,36.884632,1970800
2007-10-26,54.480000,55.000000,54.020000,54.439999,36.993362,2020500
2007-10-29,53.500000,53.619999,52.000000,53.110001,36.089588,5301400
2007-10-30,52.509998,53.139999,51.630001,51.970001,35.314922,4064700
2007-10-31,51.990002,52.820000,51.599998,52.790001,35.872135,2556200
2007-11-01,52.500000,52.959999,52.369999,52.430000,35.627502,2856200
2007-11-02,52.529999,52.689999,52.139999,52.580002,35.729443,1946500
2007-11-05,52.560001,52.730000,51.810001,52.080002,35.389675,2406400
2007-11-06,52.040001,52.480000,51.810001,52.240002,35.498413,1731600
2007-11-07,51.490002,52.540001,51.490002,51.830002,35.219799,1868800
2007-11-08,51.750000,52.779999,51.720001,52.590000,35.736233,2758500
2007-11-09,52.040001,53.110001,52.040001,52.389999,35.600334,2448200
2007-11-12,52.400002,52.669998,51.840000,52.099998,35.403255,2666100
2007-11-13,52.029999,52.689999,52.000000,52.689999,35.804188,1518300
2007-11-14,52.580002,52.970001,52.360001,52.400002,35.607124,1418200
2007-11-15,52.090000,52.759998,52.090000,52.270000,35.518784,1447700
2007-11-16,52.520000,52.820000,51.970001,52.770000,35.858547,1817600
2007-11-19,52.330002,52.869999,52.180000,52.439999,35.634293,1607800
2007-11-20,52.630001,53.450001,52.299999,53.169998,36.130367,2055500
2007-11-21,52.840000,53.660000,52.639999,52.880001,35.933289,1914400
2007-11-23,53.340000,53.340000,52.650002,52.959999,35.987663,740900
2007-11-26,52.830002,53.180000,52.400002,52.450001,35.641094,1219800
2007-11-27,52.619999,53.290001,52.430000,53.080002,36.069191,1560400
2007-11-28,53.080002,54.250000,52.900002,54.169998,36.809883,2015400
2007-11-29,53.889999,54.320000,53.090000,54.180000,37.028576,1822300
2007-11-30,54.290001,54.450001,53.700001,54.040001,36.932903,1550800
2007-12-03,54.349998,54.349998,53.459999,53.820000,36.782543,1181100
2007-12-04,53.500000,54.020000,53.459999,53.500000,36.563839,1761700
2007-12-05,53.900002,54.520000,53.520000,54.369999,37.158432,1521000
2007-12-06,53.910000,54.730000,53.910000,54.650002,37.349792,992600
2007-12-07,54.639999,54.709999,54.000000,54.220001,37.055935,1260100
2007-12-10,54.330002,54.639999,54.070000,54.570000,37.295120,984400
2007-12-11,54.540001,55.049999,54.049999,54.090000,36.967068,1914300
2007-12-12,55.189999,55.189999,53.169998,53.689999,36.693699,2634300
2007-12-13,53.430000,54.000000,53.430000,53.990002,36.898727,1428300
2007-12-14,53.770000,54.009998,53.540001,53.619999,36.645855,1442900
2007-12-17,53.490002,53.919998,53.119999,53.119999,36.304146,1725800
2007-12-18,53.400002,53.639999,52.730000,53.139999,36.317810,1012900
2007-12-19,53.380001,53.380001,52.529999,52.990002,36.215294,1452400
2007-12-20,53.330002,53.389999,52.669998,52.820000,36.099106,1006300
2007-12-21,53.330002,53.680000,53.060001,53.540001,36.591190,1371500
2007-12-24,53.689999,53.810001,53.299999,53.610001,36.639019,352100
2007-12-26,53.509998,53.700001,53.180000,53.470001,36.543346,606600
2007-12-27,53.400002,53.430000,52.779999,52.810001,36.092270,769800
2007-12-28,52.970001,53.349998,52.810001,52.919998,36.167454,641400
2007-12-31,52.650002,52.990002,52.349998,52.430000,35.832577,718700
2008-01-02,52.299999,52.410000,51.549999,51.570000,35.244808,1408700
2008-01-03,51.549999,52.090000,51.500000,51.740002,35.360996,1119900
2008-01-04,51.410000,52.009998,51.169998,51.169998,34.971432,1380400
2008-01-07,51.380001,52.369999,51.380001,52.259998,35.716377,1758800
2008-01-08,52.599998,53.000000,52.099998,52.200001,35.675373,2018900
2008-01-09,52.160000,52.160000,51.389999,51.919998,35.484013,2090500
2008-01-10,51.630001,52.610001,51.560001,52.400002,35.812069,1641800
2008-01-11,52.020000,52.049999,50.720001,50.889999,34.780083,2353800
2008-01-14,50.990002,51.150002,50.150002,50.200001,34.308506,2478900
2008-01-15,50.139999,50.169998,49.150002,49.630001,33.918945,3533900
2008-01-16,49.500000,50.150002,49.310001,49.599998,33.898438,2634000
2008-01-17,49.650002,50.130001,49.189999,49.310001,33.700249,2545800
2008-01-18,49.590000,49.669998,48.259998,48.560001,33.187664,3034200
2008-01-22,47.070000,48.450001,47.070000,47.500000,32.463226,4170200
2008-01-23,46.939999,47.889999,46.250000,47.810001,32.675091,3494800
2008-01-24,48.169998,48.169998,47.150002,47.779999,32.654587,3340400
2008-01-25,48.209999,48.209999,47.299999,47.590000,32.524727,2657600
2008-01-28,48.340000,49.599998,47.930000,49.540001,33.857433,4011000
2008-01-29,49.689999,49.830002,49.279999,49.619999,33.912109,3452300
2008-01-30,49.150002,50.660000,48.540001,49.110001,33.563560,3960100
2008-01-31,48.439999,49.939999,47.549999,47.799999,32.668251,5257000
2008-02-01,48.180000,49.020000,48.060001,49.020000,33.502052,3520500
2008-02-04,49.099998,49.349998,48.880001,49.060001,33.529400,1961200
2008-02-05,48.349998,48.790001,47.950001,48.150002,32.907463,3275600
2008-02-06,48.380001,49.310001,48.130001,49.090000,33.549908,4739300
2008-02-07,49.000000,49.950001,48.990002,49.630001,33.918945,3498600
2008-02-08,49.459999,49.869999,49.139999,49.180000,33.611401,2156800
2008-02-11,49.669998,49.669998,48.900002,49.590000,33.891598,1793500
2008-02-12,49.950001,50.599998,49.730000,50.549999,34.547714,2552100
2008-02-13,51.040001,51.380001,50.720001,51.150002,34.957771,3672000
2008-02-14,51.270000,51.400002,50.750000,50.869999,34.766411,1954900
2008-02-15,50.790001,51.799999,50.790001,51.730000,35.354176,2360200
2008-02-19,52.720001,52.720001,51.580002,51.849998,35.436169,3286900
2008-02-20,51.490002,51.540001,50.919998,51.290001,35.053448,1757100
2008-02-21,51.430000,51.570000,50.750000,51.000000,34.855244,1858300
2008-02-22,51.110001,51.250000,50.470001,51.040001,34.882591,2679900
2008-02-25,51.160000,51.360001,50.730000,51.240002,35.019283,3691700
2008-02-26,51.090000,51.880001,51.080002,51.700001,35.333645,2363200
2008-02-27,51.490002,51.900002,51.310001,51.700001,35.333645,2202200
2008-02-28,51.430000,51.810001,51.119999,51.500000,35.196972,2130600
2008-02-29,51.000000,51.509998,50.610001,50.720001,34.873810,2141600
2008-03-03,50.750000,50.900002,50.360001,50.709999,34.866936,1704900
2008-03-04,50.330002,50.570000,50.110001,50.419998,34.667538,2712900
2008-03-05,50.869999,50.869999,49.790001,50.560001,34.763794,2403400
2008-03-06,50.410000,50.470001,49.770000,49.840000,34.268745,1514100
2008-03-07,49.360001,49.990002,49.279999,49.450001,34.000599,2262900
2008-03-10,49.549999,50.099998,49.349998,49.759998,34.213734,2849700
2008-03-11,50.480000,50.860001,50.000000,50.849998,34.963192,2578000
2008-03-12,50.980000,51.349998,50.709999,51.060001,35.107582,2143500
2008-03-13,50.470001,50.849998,49.980000,50.310001,34.591896,2881600
2008-03-14,50.570000,51.110001,49.639999,49.889999,34.303123,2464400
2008-03-17,49.020000,50.119999,48.900002,49.759998,34.213734,2545300
2008-03-18,50.599998,51.139999,49.939999,51.139999,35.162582,2726600
2008-03-19,51.490002,51.889999,51.099998,51.220001,35.217602,2899400
2008-03-20,51.290001,51.750000,51.119999,51.619999,35.492638,3721900
2008-03-24,51.650002,51.930000,51.200001,51.450001,35.375740,1584900
2008-03-25,51.689999,52.060001,51.470001,51.880001,35.671402,2042200
2008-03-26,51.790001,51.919998,51.459999,51.669998,35.527004,1722700
2008-03-27,52.029999,52.049999,51.430000,51.919998,35.698898,2390400
2008-03-28,52.070000,52.730000,51.980000,52.480000,36.083939,2200700
2008-03-31,52.480000,52.639999,51.880001,52.560001,36.138943,2157400
2008-04-01,52.779999,54.150002,52.549999,54.099998,37.197811,3539800
2008-04-02,53.930000,54.000000,52.980000,53.080002,36.496475,3562900
2008-04-03,53.060001,53.220001,52.549999,53.000000,36.441486,1858100
2008-04-04,53.000000,53.320000,52.669998,53.150002,36.544621,2617500
2008-04-07,53.500000,53.560001,52.919998,53.060001,36.482742,2255200
2008-04-08,52.849998,53.070000,52.430000,52.970001,36.420849,1211300
2008-04-09,52.840000,53.130001,52.630001,52.830002,36.324608,926800
2008-04-10,52.980000,53.099998,52.389999,52.580002,36.152687,1379300
2008-04-11,52.259998,52.380001,51.840000,51.950001,35.719524,1261500
2008-04-14,52.029999,52.500000,51.849998,52.320000,35.973934,1330500
2008-04-15,52.549999,53.380001,52.230000,53.119999,36.524006,2594000
2008-04-16,53.080002,53.369999,52.939999,53.220001,36.592743,2682400
2008-04-17,52.970001,53.169998,52.610001,52.939999,36.400219,1844400
2008-04-18,53.730000,53.730000,52.630001,52.660000,36.207703,2851200
2008-04-21,52.490002,52.669998,51.860001,51.959999,35.726402,2734400
2008-04-22,51.970001,51.990002,51.160000,51.439999,35.368870,1954100
2008-04-23,51.560001,52.189999,51.410000,51.959999,35.726402,1966700
2008-04-24,52.099998,52.270000,51.380001,51.810001,35.623264,1600600
2008-04-25,51.970001,52.000000,51.209999,51.369999,35.320740,1698800
2008-04-28,51.689999,51.810001,51.099998,51.169998,35.183212,1695200
2008-04-29,51.110001,52.150002,51.080002,51.980000,35.740150,2720200
2008-04-30,52.470001,52.470001,50.939999,51.169998,35.183212,2518400
2008-05-01,50.700001,52.639999,50.700001,52.430000,36.049576,2301900
2008-05-02,52.630001,52.869999,52.130001,52.400002,36.028938,2012500
2008-05-05,52.080002,52.500000,52.080002,52.169998,35.870792,1104900
2008-05-06,52.040001,52.040001,51.509998,51.889999,35.678265,1196900
2008-05-07,51.980000,51.990002,51.380001,51.430000,35.361980,985100
2008-05-08,51.470001,51.700001,50.709999,51.389999,35.334488,2105700
2008-05-09,51.250000,51.250000,50.470001,50.869999,34.976952,1426100
2008-05-12,50.900002,51.410000,50.740002,51.349998,35.306988,1272800
2008-05-13,51.380001,51.840000,51.240002,51.450001,35.375740,1168600
2008-05-14,51.610001,51.930000,51.410000,51.520000,35.423874,1239600
2008-05-15,51.430000,51.610001,51.029999,51.529999,35.430744,1201400
2008-05-16,51.500000,51.599998,50.820000,51.490002,35.403229,2584900
2008-05-19,51.500000,51.500000,50.509998,51.279999,35.258850,1953600
2008-05-20,51.150002,51.439999,50.810001,51.160000,35.176338,1645100
2008-05-21,51.250000,51.259998,50.730000,50.900002,34.997581,2377000
2008-05-22,51.060001,51.130001,50.630001,50.759998,34.901306,1612400
2008-05-23,50.669998,50.730000,50.160000,50.560001,34.763794,2236800
2008-05-27,50.680000,51.340000,50.660000,51.180000,35.190098,2020200
2008-05-28,51.340000,51.340000,50.680000,50.799999,34.928818,1771600
2008-05-29,50.759998,51.689999,50.419998,51.330002,35.509926,1402900
2008-05-30,51.250000,52.040001,50.830002,51.810001,35.841984,2679600
2008-06-02,51.759998,51.799999,51.099998,51.380001,35.544514,1819600
2008-06-03,51.430000,51.669998,50.740002,50.869999,35.191704,2013400
2008-06-04,50.900002,51.459999,50.779999,51.360001,35.530685,1417300
2008-06-05,51.700001,51.700001,51.009998,51.400002,35.558346,1201400
2008-06-06,51.279999,51.279999,50.049999,50.049999,34.624424,3203100
2008-06-09,50.169998,50.540001,49.910000,50.320000,34.811218,2001600
2008-06-10,50.939999,52.230000,50.330002,52.009998,35.980347,4419200
2008-06-11,52.009998,52.009998,51.619999,51.680000,35.752056,2288200
2008-06-12,52.000000,52.000000,51.529999,51.750000,35.800484,2060000
2008-06-13,51.830002,52.000000,51.560001,52.000000,35.973423,1715400
2008-06-16,52.000000,52.160000,50.950001,51.490002,35.620605,3229800
2008-06-17,51.639999,51.639999,50.590000,50.669998,35.053349,2659400
2008-06-18,50.740002,51.419998,50.709999,51.119999,35.364639,3045500
2008-06-19,51.049999,51.500000,50.830002,51.389999,35.551449,2612500
2008-06-20,51.139999,51.459999,50.529999,51.000000,35.281628,3374000
2008-06-23,51.009998,51.130001,50.529999,50.849998,35.177860,1904100
2008-06-24,50.619999,51.680000,50.200001,50.259998,34.769703,3641000
2008-06-25,50.250000,50.250000,49.709999,49.810001,34.458397,3269100
2008-06-26,49.689999,49.689999,48.500000,48.520000,33.565979,3509100
2008-06-27,48.630001,48.750000,47.869999,47.959999,33.178570,3902400
2008-06-30,47.970001,48.500000,47.810001,48.020000,33.220085,2712000
2008-07-01,47.619999,48.189999,47.619999,48.040001,33.233921,2469300
2008-07-02,48.180000,48.660000,47.980000,48.459999,33.524467,3198700
2008-07-03,48.720001,49.080002,48.360001,48.799999,33.759693,1806200
2008-07-07,49.200001,49.669998,48.900002,49.200001,34.036407,2509500
2008-07-08,49.419998,50.180000,49.169998,50.169998,34.707447,2354900
2008-07-09,50.130001,50.810001,50.029999,50.509998,34.942654,2646300
2008-07-10,50.790001,50.869999,50.099998,50.849998,35.177860,2217000
2008-07-11,50.459999,51.049999,50.279999,50.869999,35.191704,3277100
2008-07-14,50.970001,51.150002,50.240002,50.549999,34.970329,1912600
2008-07-15,50.259998,51.180000,50.240002,50.910000,35.219379,2952800
2008-07-16,50.880001,52.430000,50.549999,52.389999,36.243225,4541100
2008-07-17,52.560001,52.560001,51.529999,52.040001,36.001106,3357400
2008-07-18,52.000000,52.259998,51.250000,51.599998,35.696712,2471300
2008-07-21,51.720001,51.720001,50.830002,51.380001,35.544514,1852200
2008-07-22,51.220001,52.299999,51.099998,52.299999,36.180973,1610900
2008-07-23,52.480000,53.549999,52.040001,53.549999,37.045715,2981200
2008-07-24,53.650002,53.730000,52.759998,52.840000,36.554527,1785000
2008-07-25,52.820000,52.939999,51.970001,52.270000,36.160213,1853300
2008-07-28,52.070000,52.980000,51.830002,52.849998,36.561455,2604900
2008-07-29,52.630001,53.450001,52.630001,53.450001,36.976528,1613200
2008-07-30,53.369999,54.160000,53.369999,54.150002,37.460800,2154900
2008-07-31,52.369999,54.250000,52.360001,53.060001,36.706749,2671000
2008-08-01,53.150002,53.259998,51.950001,52.459999,36.291645,1923600
2008-08-04,52.470001,54.099998,52.279999,53.930000,37.308594,1959300
2008-08-05,54.180000,54.360001,53.750000,54.360001,37.606075,2397400
2008-08-06,54.299999,54.840000,54.000000,54.779999,37.896629,1812000
2008-08-07,54.380001,54.490002,53.419998,53.560001,37.052624,2339800
2008-08-08,53.680000,55.840000,53.599998,55.709999,38.539997,2976100
2008-08-11,55.520000,55.770000,54.610001,55.709999,38.539997,4495100
2008-08-12,55.639999,55.779999,55.029999,55.450001,38.360130,2449800
2008-08-13,55.250000,55.389999,54.580002,54.740002,37.868942,1888000
2008-08-14,54.049999,55.090000,53.779999,54.610001,37.779022,1678600
2008-08-15,54.740002,55.630001,54.610001,55.500000,38.394711,1756900
2008-08-18,55.369999,55.459999,54.540001,54.689999,37.834370,1252500
2008-08-19,54.549999,54.840000,53.849998,53.889999,37.280922,1764600
2008-08-20,53.919998,54.509998,53.040001,54.419998,37.647575,1694300
2008-08-21,54.009998,54.419998,53.860001,54.180000,37.481548,778400
2008-08-22,54.290001,54.619999,53.990002,54.389999,37.626823,838100
2008-08-25,54.209999,54.240002,53.450001,53.910000,37.294754,1686800
2008-08-26,53.810001,53.810001,53.240002,53.389999,36.935028,1392100
2008-08-27,53.400002,54.450001,53.400002,54.320000,37.578392,1404800
2008-08-28,54.320000,54.860001,53.980000,54.860001,38.191010,2052400
2008-08-29,54.700001,55.000000,54.349998,54.439999,37.898624,2508500
2008-09-02,54.830002,55.700001,54.669998,55.380001,38.553024,2432700
2008-09-03,55.759998,55.759998,54.389999,54.470001,37.919510,1844100
2008-09-04,54.259998,54.840000,54.020000,54.279999,37.787247,2583800
2008-09-05,54.040001,55.150002,54.000000,55.009998,38.295444,1786100
2008-09-08,55.799999,56.299999,55.099998,56.220001,39.137787,2415600
2008-09-09,56.220001,56.549999,55.680000,55.680000,38.761864,2604000
2008-09-10,55.919998,56.040001,55.270000,55.430000,38.587814,1939000
2008-09-11,55.310001,55.930000,54.930000,55.860001,38.887177,1676700
2008-09-12,55.529999,56.299999,55.369999,56.209999,39.130836,2059800
2008-09-15,55.520000,56.470001,55.180000,55.680000,38.761864,1735500
2008-09-16,55.750000,56.310001,54.580002,56.119999,39.068172,1910400
2008-09-17,55.560001,57.330002,55.560001,56.410000,39.270065,3803900
2008-09-18,57.040001,57.480000,55.599998,56.939999,39.639023,3109000
2008-09-19,57.110001,58.509998,55.750000,56.680000,39.458015,3150200
2008-09-22,56.270000,56.669998,55.169998,55.360001,38.539101,1946700
2008-09-23,55.360001,56.480000,55.360001,55.470001,38.615658,1716600
2008-09-24,55.740002,56.000000,54.869999,55.730000,38.796673,1571900
2008-09-25,55.950001,56.900002,55.750000,56.490002,39.325752,2373400
2008-09-26,56.400002,57.470001,56.150002,57.389999,39.952274,2065800
2008-09-29,56.860001,57.480000,54.790001,55.220001,38.441624,2716800
2008-09-30,55.299999,56.400002,55.299999,56.099998,39.054245,2295200
2008-10-01,55.759998,56.660000,55.689999,56.529999,39.353600,3355500
2008-10-02,56.509998,57.470001,56.160000,57.020000,39.694710,2286200
2008-10-03,57.520000,57.660000,56.770000,57.209999,39.826973,3485900
2008-10-06,56.330002,56.770000,55.000000,56.000000,38.984631,4538400
2008-10-07,56.430000,57.209999,55.330002,55.650002,38.740978,4757300
2008-10-08,54.750000,55.950001,52.250000,52.599998,36.617706,6125300
2008-10-09,52.669998,53.610001,47.790001,48.619999,33.847015,5900400
2008-10-10,47.160000,51.070000,45.250000,48.490002,33.756504,6538200
2008-10-13,51.680000,54.820000,50.160000,52.270000,36.387974,3278000
2008-10-14,54.119999,54.500000,50.380001,50.740002,35.322861,4710300
2008-10-15,50.549999,51.180000,48.000000,48.310001,33.631203,4288500
2008-10-16,48.240002,50.590000,46.680000,50.520000,35.169708,4684100
2008-10-17,50.730000,51.730000,48.520000,50.459999,35.127930,4365600
2008-10-20,51.000000,51.000000,49.779999,50.849998,35.399433,2744700
2008-10-21,50.340000,51.080002,50.119999,50.299999,35.016552,2404300
2008-10-22,50.060001,50.380001,47.970001,49.250000,34.285587,2879800
2008-10-23,49.480000,50.970001,48.500000,49.900002,34.738083,5192400
2008-10-24,48.380001,49.330002,47.419998,48.220001,33.568565,3497800
2008-10-27,50.439999,50.439999,47.240002,47.610001,33.143902,1848600
2008-10-28,49.080002,50.680000,47.209999,50.680000,35.281097,3079500
2008-10-29,51.750000,52.930000,49.900002,50.020000,34.821625,4729200
2008-10-30,51.220001,51.599998,49.570000,49.990002,34.800747,2891400
2008-10-31,50.580002,51.310001,49.590000,50.419998,35.100094,3800700
2008-11-03,50.630001,52.549999,50.549999,52.310001,36.415829,2231100
2008-11-04,53.150002,53.389999,52.279999,52.450001,36.513287,2800300
2008-11-05,52.020000,52.259998,50.330002,50.330002,35.037430,2886800
2008-11-06,50.320000,50.709999,48.099998,48.400002,33.693848,3210000
2008-11-07,49.340000,49.619999,48.080002,49.540001,34.487476,1785300
2008-11-10,50.020000,50.810001,49.169998,49.990002,34.800747,1587500
2008-11-11,49.500000,49.500000,48.209999,48.700001,33.902699,1640400
2008-11-12,49.480000,49.480000,47.009998,47.119999,32.802780,2302800
2008-11-13,47.279999,49.090000,46.369999,49.029999,34.132439,2728900
2008-11-14,48.230000,48.950001,46.830002,46.930000,32.670513,3223200
2008-11-17,46.820000,48.070000,46.209999,46.320000,32.245861,2889700
2008-11-18,45.450001,47.180000,44.630001,47.099998,32.788853,4117100
2008-11-19,46.770000,47.139999,44.119999,44.119999,30.714321,3810200
2008-11-20,43.709999,44.230000,40.509998,40.689999,28.326506,5418100
2008-11-21,41.410000,43.330002,40.549999,43.020000,29.948545,5140400
2008-11-24,43.820000,44.389999,42.849998,43.310001,30.150448,3278700
2008-11-25,43.869999,43.900002,41.970001,42.430000,29.537809,3589700
2008-11-26,41.860001,43.570000,41.000000,43.220001,30.087784,3117300
2008-11-28,43.480000,43.990002,42.700001,43.430000,30.233971,1175400
2008-12-01,42.770000,43.119999,40.849998,40.910000,28.704378,2838900
2008-12-02,41.430000,41.830002,40.369999,41.410000,29.055202,4227300
2008-12-03,40.529999,41.950001,40.320000,41.910000,29.406031,2513100
2008-12-04,41.610001,42.099998,40.470001,40.880001,28.683334,2298600
2008-12-05,40.830002,42.840000,40.820000,42.730000,29.981379,3899800
2008-12-08,44.070000,44.070000,42.570000,42.849998,30.065580,3355100
2008-12-09,42.720001,43.410000,41.980000,42.110001,29.546358,2596700
2008-12-10,42.389999,43.060001,41.360001,42.000000,29.469173,2783400
2008-12-11,41.450001,42.380001,41.410000,41.590000,29.181507,2785700
2008-12-12,41.459999,42.549999,40.880001,42.529999,29.841049,2704000
2008-12-15,42.849998,42.849998,41.759998,42.150002,29.574423,2077300
2008-12-16,42.349998,43.970001,42.299999,43.930000,30.823349,3118100
2008-12-17,44.000000,44.000000,42.689999,42.770000,30.009439,3053300
2008-12-18,43.080002,43.750000,42.220001,42.610001,29.897190,2885600
2008-12-19,43.570000,43.580002,42.480000,42.630001,29.911215,2812100
2008-12-22,42.540001,43.020000,41.700001,42.230000,29.630558,2158000
2008-12-23,42.250000,42.580002,41.299999,41.430000,29.069239,2311400
2008-12-24,41.750000,41.980000,41.380001,41.660000,29.230618,727500
2008-12-26,41.759998,42.520000,41.759998,42.299999,29.679670,1189000
2008-12-29,42.389999,42.389999,41.770000,42.080002,29.525311,2009600
2008-12-30,42.169998,43.189999,42.169998,43.189999,30.304136,2697000
2008-12-31,43.139999,44.080002,43.139999,43.849998,30.767225,2030700
2009-01-02,43.980000,45.369999,43.470001,45.049999,31.609205,2402100
2009-01-05,44.950001,45.189999,44.540001,44.790001,31.426767,2334200
2009-01-06,45.090000,45.369999,44.349998,44.650002,31.328550,2053100
2009-01-07,44.119999,45.110001,44.119999,44.470001,31.202246,2402600
2009-01-08,44.360001,44.669998,42.250000,44.369999,31.132080,2367100
2009-01-09,44.299999,44.939999,43.320000,43.540001,30.549717,1936600
2009-01-12,43.540001,43.840000,43.139999,43.700001,30.661978,2377700
2009-01-13,43.709999,44.029999,43.430000,43.900002,30.802320,1912000
2009-01-14,43.330002,43.380001,42.389999,42.650002,29.925251,2189300
2009-01-15,42.529999,42.779999,41.959999,42.750000,29.995417,2748200
2009-01-16,43.810001,44.849998,43.799999,44.630001,31.314514,4032200
2009-01-20,44.490002,45.689999,44.169998,44.680000,31.349594,3665400
2009-01-21,45.410000,45.410000,44.189999,45.110001,31.651299,2651100
2009-01-22,43.980000,45.070000,43.910000,44.919998,31.517973,3159300
2009-01-23,43.950001,44.369999,43.529999,44.230000,31.033852,2430500
2009-01-26,44.230000,45.220001,44.230000,44.709999,31.370642,2101700
2009-01-27,45.000000,45.470001,44.799999,45.240002,31.742521,1602300
2009-01-28,45.599998,45.650002,44.880001,45.189999,31.707424,1988800
2009-01-29,45.029999,45.939999,44.820000,45.119999,31.658318,1580500
2009-01-30,45.029999,45.029999,43.400002,43.689999,30.654955,2129800
2009-02-02,43.029999,44.270000,43.029999,44.150002,30.977718,1565000
2009-02-03,44.349998,45.099998,43.580002,44.930000,31.525005,1995500
2009-02-04,44.959999,44.959999,43.150002,43.490002,30.514631,3424900
2009-02-05,43.189999,44.250000,43.139999,43.680000,30.647959,3277000
2009-02-06,43.799999,43.950001,43.000000,43.580002,30.577782,3038900
2009-02-09,43.529999,43.709999,42.860001,43.230000,30.332193,2132800
2009-02-10,43.209999,43.230000,40.970001,41.259998,28.949963,4066100
2009-02-11,41.500000,41.700001,40.790001,41.470001,29.097303,2932000
2009-02-12,41.020000,41.330002,40.180000,41.310001,28.985056,3399700
2009-02-13,41.259998,41.799999,40.910000,41.380001,29.034159,2743200
2009-02-17,40.770000,41.369999,39.930000,40.160000,28.178146,2574300
2009-02-18,40.540001,40.740002,39.980000,40.330002,28.297438,2851500
2009-02-19,40.730000,41.349998,40.450001,40.849998,28.662287,2592000
2009-02-20,40.070000,40.799999,39.610001,40.169998,28.185152,3763800
2009-02-23,40.549999,40.549999,38.790001,39.070000,27.413359,3145500
2009-02-24,39.049999,39.880001,39.000000,39.669998,27.834345,3345700
2009-02-25,39.369999,39.759998,39.119999,39.220001,27.518599,2968300
2009-02-26,39.689999,39.689999,38.660000,38.709999,27.160751,3720500
2009-02-27,38.070000,39.419998,38.000000,38.919998,27.550076,4190100
2009-03-02,38.330002,38.770000,37.880001,37.959999,26.870535,3786900
2009-03-03,38.419998,38.459999,37.650002,38.020000,26.913004,4330700
2009-03-04,38.490002,38.740002,37.410000,38.070000,26.948400,4279500
2009-03-05,37.750000,37.750000,36.439999,36.720001,25.992783,4495800
2009-03-06,36.669998,37.619999,36.310001,37.160000,26.304247,3387500
2009-03-09,36.759998,36.930000,35.980000,36.000000,25.483128,3216500
2009-03-10,36.560001,36.560001,35.709999,36.169998,25.603458,4193300
2009-03-11,36.430000,36.459999,35.700001,35.840000,25.369854,2882900
2009-03-12,35.840000,36.820000,35.639999,36.680000,25.964476,2969800
2009-03-13,37.000000,37.169998,36.549999,36.990002,26.183910,3108500
2009-03-16,37.220001,38.290001,37.049999,37.900002,26.828066,2498400
2009-03-17,37.639999,38.000000,37.380001,37.869999,26.806816,3546500
2009-03-18,37.139999,37.250000,36.369999,37.009998,26.198061,4451800
2009-03-19,37.299999,37.340000,36.500000,36.669998,25.957394,2927900
2009-03-20,36.700001,37.099998,36.340000,36.430000,25.787500,3509000
2009-03-23,37.139999,37.700001,36.560001,37.700001,26.686491,2840400
2009-03-24,37.360001,37.759998,37.139999,37.169998,26.311319,2314200
2009-03-25,37.459999,37.639999,36.900002,37.480000,26.530754,3250900
2009-03-26,37.509998,37.639999,36.970001,37.619999,26.629866,2444800
2009-03-27,37.250000,37.610001,36.720001,36.889999,26.113115,2788700
2009-03-30,36.500000,36.750000,36.070000,36.480000,25.822893,1938100
2009-03-31,36.840000,37.040001,36.279999,36.630001,25.929066,2669500
2009-04-01,36.290001,37.840000,36.290001,37.590000,26.608629,4001800
2009-04-02,38.340000,38.680000,37.820000,38.160000,27.012106,3965300
2009-04-03,38.529999,38.689999,37.599998,38.009998,26.905924,2702600
2009-04-06,37.840000,38.549999,37.840000,38.540001,27.281092,2541900
2009-04-07,38.049999,39.169998,38.049999,38.950001,27.571325,3603600
2009-04-08,39.029999,39.259998,38.720001,39.220001,27.762445,2458000
2009-04-09,39.900002,39.919998,39.130001,39.549999,27.996044,2487100
2009-04-13,39.410000,39.959999,39.189999,39.240002,27.776602,2272300
2009-04-14,39.209999,39.430000,38.639999,39.259998,27.790754,2165900
2009-04-15,39.259998,39.849998,39.119999,39.849998,28.208395,1881100
2009-04-16,40.060001,40.360001,39.250000,40.240002,28.484470,2731900
2009-04-17,40.279999,40.500000,39.750000,40.099998,28.385366,2118800
2009-04-20,39.740002,40.500000,39.480000,39.599998,28.031427,2130600
2009-04-21,39.360001,40.470001,39.360001,40.029999,28.335815,1912200
2009-04-22,39.950001,39.950001,39.320000,39.349998,27.854475,1919000
2009-04-23,39.290001,39.459999,38.750000,39.110001,27.684580,2293600
2009-04-24,39.450001,39.450001,38.400002,38.939999,27.564241,1886300
2009-04-27,38.660000,39.430000,38.599998,38.730000,27.415592,1938400
2009-04-28,38.490002,39.349998,38.490002,39.189999,27.741217,1949700
2009-04-29,39.369999,39.919998,39.279999,39.500000,27.960648,2360600
2009-04-30,40.980000,43.910000,40.290001,42.110001,29.808180,5958700
2009-05-01,42.180000,43.500000,42.180000,43.400002,30.721319,3428300
2009-05-04,43.650002,44.480000,43.230000,44.259998,31.330084,3404800
2009-05-05,44.110001,44.910000,43.090000,43.389999,30.714251,3607200
2009-05-06,43.720001,43.990002,42.639999,43.000000,30.438175,2266400
2009-05-07,43.369999,43.500000,42.360001,42.650002,30.190418,2520800
2009-05-08,43.029999,43.119999,42.500000,42.830002,30.317839,1389200
2009-05-11,42.459999,43.020000,42.240002,42.919998,30.381542,1801000
2009-05-12,42.990002,43.430000,42.820000,43.150002,30.544355,1957400
2009-05-13,42.840000,43.279999,42.400002,42.619999,30.169184,2018300
2009-05-14,42.599998,43.470001,42.380001,43.410000,30.728395,3097900
2009-05-15,43.330002,43.599998,42.810001,43.189999,30.572660,1965800
2009-05-18,43.369999,43.910000,43.049999,43.820000,31.018614,1734000
2009-05-19,43.840000,43.959999,43.570000,43.759998,30.976152,1547700
2009-05-20,43.849998,44.320000,43.580002,43.639999,30.891193,1782600
2009-05-21,43.290001,43.480000,42.990002,43.430000,30.742556,1341600
2009-05-22,43.439999,44.150002,43.299999,43.680000,30.919521,1538000
2009-05-26,43.630001,44.110001,43.080002,43.980000,31.131884,1506300
2009-05-27,44.060001,44.060001,43.060001,43.230000,30.600975,2605100
2009-05-28,43.139999,43.549999,42.880001,43.310001,30.900654,1976900
2009-05-29,43.450001,43.500000,42.840000,43.250000,30.857834,2063300
2009-06-01,43.630001,44.009998,43.389999,43.849998,31.285910,1934000
2009-06-02,43.849998,44.840000,43.730000,44.580002,31.806747,2522400
2009-06-03,44.340000,44.820000,44.189999,44.299999,31.606976,2259600
2009-06-04,44.410000,44.669998,43.919998,44.040001,31.421482,2107600
2009-06-05,44.450001,44.450001,43.509998,43.779999,31.235970,1669800
2009-06-08,44.139999,44.790001,43.860001,44.520000,31.763960,2104000
2009-06-09,44.720001,44.720001,43.919998,43.939999,31.350136,1834200
2009-06-10,44.209999,44.500000,43.250000,43.480000,31.021929,1769700
2009-06-11,43.490002,44.470001,43.490002,43.950001,31.357258,1994400
2009-06-12,43.849998,44.610001,43.500000,44.549999,31.785349,1921900
2009-06-15,44.230000,44.389999,43.380001,43.450001,31.000526,1676000
2009-06-16,43.619999,43.700001,43.169998,43.459999,31.007652,2108200
2009-06-17,44.049999,44.540001,43.799999,44.220001,31.549908,2241300
2009-06-18,44.380001,45.560001,44.230000,45.209999,32.256233,2607000
2009-06-19,45.430000,45.689999,44.930000,45.090000,32.170635,3146800
2009-06-22,44.860001,45.330002,44.740002,45.119999,32.192028,1993800
2009-06-23,45.130001,45.580002,44.860001,45.299999,32.320461,2703400
2009-06-24,45.560001,45.930000,45.209999,45.669998,32.584446,2573500
2009-06-25,45.580002,46.430000,45.250000,46.330002,33.055332,2345900
2009-06-26,46.290001,46.410000,45.720001,46.230000,32.983997,3643000
2009-06-29,46.410000,46.779999,46.160000,46.599998,33.247971,1661800
2009-06-30,46.599998,46.910000,45.849998,46.570000,33.226563,2234200
2009-07-01,46.910000,47.720001,46.910000,47.549999,33.925774,2505300
2009-07-02,47.000000,47.209999,46.470001,46.820000,33.404953,2147900
2009-07-06,46.610001,47.910000,46.580002,47.810001,34.111271,2317400
2009-07-07,47.759998,48.480000,47.669998,47.730000,34.054203,4033000
2009-07-08,47.810001,48.080002,47.400002,47.799999,34.104153,2309000
2009-07-09,47.880001,47.900002,46.970001,47.330002,33.768810,2058900
2009-07-10,47.099998,47.740002,46.950001,47.240002,33.704597,1917500
2009-07-13,47.500000,48.070000,47.380001,47.919998,34.189766,2172400
2009-07-14,47.880001,48.180000,47.660000,47.750000,34.068478,2224400
2009-07-15,48.130001,48.130001,47.480000,47.939999,34.204037,2456500
2009-07-16,47.880001,48.279999,47.740002,47.990002,34.239693,1740100
2009-07-17,48.049999,48.049999,46.930000,47.180000,33.661777,2994800
2009-07-20,47.320000,47.669998,47.009998,47.580002,33.947201,1828100
2009-07-21,47.840000,48.119999,47.250000,47.570000,33.940048,1465400
2009-07-22,47.700001,47.990002,47.320000,47.689999,34.025661,1259800
2009-07-23,47.750000,48.419998,47.660000,48.130001,34.339596,1723300
2009-07-24,48.000000,48.189999,47.689999,47.919998,34.189766,1754600
2009-07-27,48.049999,48.099998,47.439999,47.849998,34.139820,1798000
2009-07-28,47.580002,47.959999,47.389999,47.820000,34.118416,1855800
2009-07-29,47.650002,48.180000,47.610001,48.040001,34.275391,3204300
2009-07-30,49.220001,49.220001,47.509998,47.660000,34.004250,5324800
2009-07-31,47.330002,47.889999,47.330002,47.500000,33.890110,2849700
2009-08-03,47.799999,47.799999,46.740002,46.950001,33.497696,2530400
2009-08-04,46.950001,47.099998,46.430000,46.570000,33.226563,2439300
2009-08-05,46.509998,46.689999,46.110001,46.279999,33.019653,2758100
2009-08-06,46.400002,46.959999,46.169998,46.549999,33.212296,2375300
2009-08-07,46.919998,46.919998,46.160000,46.160000,32.934048,1921000
2009-08-10,46.200001,46.400002,46.060001,46.090000,32.884098,1646800
2009-08-11,46.029999,46.410000,46.009998,46.169998,32.941189,2121100
2009-08-12,46.139999,46.650002,45.919998,46.250000,32.998260,2426900
2009-08-13,46.500000,46.500000,45.959999,45.959999,32.791359,2522700
2009-08-14,46.029999,46.250000,45.869999,46.060001,32.862701,2954600
2009-08-17,45.580002,46.139999,45.580002,46.060001,32.862701,3085900
2009-08-18,46.049999,46.290001,45.869999,46.090000,32.884098,1664600
2009-08-19,45.840000,46.750000,45.840000,46.750000,33.355007,2532600
2009-08-20,46.669998,46.880001,46.509998,46.820000,33.404953,1615200
2009-08-21,46.980000,47.549999,46.830002,47.349998,33.783077,1489900
2009-08-24,47.430000,47.430000,46.900002,47.130001,33.626118,1162900
2009-08-25,47.150002,47.380001,46.930000,47.049999,33.569050,1325000
2009-08-26,47.049999,47.470001,47.000000,47.209999,33.683216,1593200
2009-08-27,47.389999,47.389999,46.759998,46.959999,33.504814,1336900
2009-08-28,46.639999,46.930000,46.290001,46.520000,33.458076,1434100
2009-08-31,46.259998,47.150002,46.259998,47.090000,33.868031,2028500
2009-09-01,46.910000,47.320000,46.720001,46.939999,33.760143,3091200
2009-09-02,46.910000,46.910000,46.560001,46.660000,33.558762,2057800
2009-09-03,46.810001,46.889999,46.419998,46.889999,33.724190,2012200
2009-09-04,46.939999,47.220001,46.770000,47.220001,33.961521,1447800
2009-09-08,47.340000,48.240002,47.250000,48.060001,34.565678,1771600
2009-09-09,48.060001,48.180000,47.919998,48.029999,34.544090,1236400
2009-09-10,48.169998,48.270000,47.919998,48.270000,34.716721,1757100
2009-09-11,48.389999,48.439999,48.070000,48.389999,34.803017,1253200
2009-09-14,48.150002,48.580002,48.150002,48.520000,34.896511,1400600
2009-09-15,48.560001,48.560001,47.959999,48.259998,34.709522,2385700
2009-09-16,48.169998,48.709999,48.060001,48.709999,35.033157,1864700
2009-09-17,48.730000,48.730000,48.080002,48.509998,34.889317,2012000
2009-09-18,48.650002,49.099998,48.320000,48.820000,35.112282,2008200
2009-09-21,48.709999,48.930000,48.360001,48.860001,35.141048,1254600
2009-09-22,49.000000,49.000000,48.320000,48.509998,34.889317,1437800
2009-09-23,49.400002,49.900002,49.189999,49.299999,35.457497,2671200
2009-09-24,49.310001,49.500000,49.119999,49.139999,35.342438,2109300
2009-09-25,49.130001,49.240002,48.790001,49.090000,35.306465,1397700
2009-09-28,49.220001,49.759998,49.009998,49.619999,35.687660,1763100
2009-09-29,49.639999,49.820000,49.270000,49.450001,35.565395,1077700
2009-09-30,49.490002,49.490002,48.799999,49.230000,35.407154,1796800
2009-10-01,49.099998,49.110001,48.340000,48.880001,35.155441,1567000
2009-10-02,48.840000,48.860001,48.450001,48.660000,34.997208,1299200
2009-10-05,48.689999,48.990002,48.150002,48.959999,35.212967,1274100
2009-10-06,49.119999,49.689999,48.970001,49.299999,35.457497,1483500
2009-10-07,49.209999,49.459999,49.119999,49.369999,35.507847,1099500
2009-10-08,49.500000,49.770000,49.349998,49.740002,35.773972,1866100
2009-10-09,49.619999,49.950001,49.450001,49.820000,35.831493,1708600
2009-10-12,49.900002,49.980000,49.470001,49.680000,35.730812,1378700
2009-10-13,49.650002,49.860001,49.470001,49.580002,35.658894,1719600
2009-10-14,49.720001,49.759998,49.299999,49.580002,35.658894,1957300
2009-10-15,49.459999,50.180000,49.369999,50.180000,36.090416,1854000
2009-10-16,49.889999,50.669998,49.779999,50.480000,36.306183,2621400
2009-10-19,50.630001,51.189999,50.470001,51.009998,36.687359,1278800
2009-10-20,51.029999,51.320000,50.560001,50.680000,36.450039,1795300
2009-10-21,50.740002,51.410000,50.549999,50.660000,36.435635,1532700
2009-10-22,50.669998,50.869999,50.090000,50.639999,36.421276,1705600
2009-10-23,50.750000,50.799999,49.830002,50.200001,36.104805,1666800
2009-10-26,50.299999,51.110001,50.099998,50.450001,36.284611,1933600
2009-10-27,50.410000,50.849998,50.310001,50.419998,36.263023,2263900
2009-10-28,50.200001,50.779999,49.869999,49.990002,35.953781,2835500
2009-10-29,50.509998,51.480000,50.230000,51.380001,36.953487,2985900
2009-10-30,51.700001,52.580002,51.450001,51.540001,37.068562,3909700
2009-11-02,51.529999,52.000000,51.529999,51.750000,37.219589,2316700
2009-11-03,51.580002,51.930000,50.820000,51.110001,36.759304,2070500
2009-11-04,51.189999,52.000000,51.110001,51.799999,37.255550,2389400
2009-11-05,51.860001,52.279999,51.650002,52.230000,37.564808,2515400
2009-11-06,52.099998,52.419998,51.830002,52.200001,37.543236,1929400
2009-11-09,52.349998,52.700001,52.209999,52.669998,37.881275,1602200
2009-11-10,52.490002,53.000000,52.490002,52.820000,37.989162,1608200
2009-11-11,53.119999,53.119999,52.509998,52.740002,37.931637,1344400
2009-11-12,52.820000,53.040001,52.650002,52.959999,38.089851,1726600
2009-11-13,53.389999,53.389999,52.930000,53.369999,38.384716,1879400
2009-11-16,53.450001,53.799999,53.209999,53.389999,38.399113,2370800
2009-11-17,53.500000,53.570000,53.049999,53.400002,38.406311,1466500
2009-11-18,53.310001,53.490002,52.900002,53.340000,38.363155,1169300
2009-11-19,53.180000,53.180000,52.490002,52.980000,38.104237,1074300
2009-11-20,53.029999,53.470001,52.889999,53.119999,38.204926,1932300
2009-11-23,53.700001,54.000000,53.470001,53.869999,38.744339,1586700
2009-11-24,53.790001,54.000000,53.490002,53.910000,38.773113,1616300
2009-11-25,54.049999,54.049999,53.520000,53.660000,38.593311,1257100
2009-11-27,52.860001,53.130001,52.630001,52.970001,38.097038,956600
2009-11-30,52.590000,52.639999,52.150002,52.580002,38.086174,2866700
2009-12-01,52.700001,53.200001,52.660000,52.970001,38.368671,1727200
2009-12-02,52.820000,53.380001,52.779999,53.000000,38.390411,2166100
2009-12-03,52.990002,53.090000,52.580002,52.730000,38.194828,2153800
2009-12-04,52.939999,53.169998,52.599998,52.959999,38.361427,1331000
2009-12-07,53.070000,53.169998,52.779999,52.889999,38.310730,1484600
2009-12-08,52.790001,52.880001,52.070000,52.619999,38.115150,2313900
2009-12-09,52.650002,52.959999,52.549999,52.799999,38.245537,1904500
2009-12-10,52.980000,53.150002,52.880001,52.990002,38.383167,1921300
2009-12-11,53.009998,53.970001,53.009998,53.700001,38.897434,2213200
2009-12-14,53.869999,53.869999,53.549999,53.570000,38.803284,1527200
2009-12-15,53.639999,53.650002,53.080002,53.119999,38.477325,2037800
2009-12-16,53.209999,53.599998,52.650002,52.770000,38.223808,1570900
2009-12-17,52.750000,52.750000,52.070000,52.139999,37.767464,1563800
2009-12-18,52.250000,52.500000,51.549999,52.270000,37.861626,3179500
2009-12-21,52.270000,52.480000,52.110001,52.169998,37.789188,1567000
2009-12-22,52.340000,52.900002,52.080002,52.840000,38.274517,1067600
2009-12-23,53.139999,53.500000,53.000000,53.299999,38.607704,1555800
2009-12-24,53.470001,54.009998,53.349998,54.000000,39.114750,1035200
2009-12-28,53.910000,53.970001,53.720001,53.959999,39.085781,641700
2009-12-29,53.970001,54.080002,53.830002,53.980000,39.100266,1068500
2009-12-30,53.950001,54.099998,53.689999,53.990002,39.107517,808000
2009-12-31,53.959999,53.959999,53.169998,53.200001,38.535282,738200
2010-01-04,53.310001,53.570000,52.570000,52.830002,38.267265,2749000
2010-01-05,52.799999,52.980000,52.549999,52.950001,38.354187,1472000
2010-01-06,52.820000,53.139999,52.599998,52.959999,38.361427,1494300
2010-01-07,52.779999,53.520000,52.700001,53.480000,38.738087,1782900
2010-01-08,53.299999,53.380001,53.000000,53.380001,38.665657,1342700
2010-01-11,53.509998,53.720001,53.029999,53.410000,38.687389,943600
2010-01-12,53.160000,53.650002,53.139999,53.389999,38.672894,1463800
2010-01-13,53.459999,53.990002,53.459999,53.720001,38.911930,1405300
2010-01-14,53.849998,54.110001,53.599998,53.849998,39.006096,1638400
2010-01-15,54.500000,54.959999,54.099998,54.340000,39.361034,3779600
2010-01-19,54.279999,54.599998,54.279999,54.500000,39.476917,1437200
2010-01-20,54.299999,54.430000,53.500000,53.869999,39.020588,1869600
2010-01-21,53.970001,54.459999,53.160000,53.439999,38.709114,2401100
2010-01-22,53.279999,54.610001,53.240002,54.340000,39.361034,4832000
2010-01-25,54.439999,54.570000,54.119999,54.169998,39.237885,2339800
2010-01-26,54.060001,54.860001,53.820000,54.849998,39.730446,2906100
2010-01-27,54.759998,55.279999,54.700001,55.049999,39.875324,3484600
2010-01-28,55.029999,55.450001,54.139999,54.810001,39.701473,2435800
2010-01-29,54.970001,54.980000,54.270000,54.419998,39.418968,3334300
2010-02-01,54.790001,54.880001,54.340000,54.720001,39.636288,3388900
2010-02-02,54.580002,55.389999,54.439999,55.360001,40.099861,3271100
2010-02-03,55.299999,55.410000,54.939999,55.189999,39.976730,2837100
2010-02-04,53.820000,54.430000,52.410000,52.410000,37.963039,6502200
2010-02-05,52.189999,53.020000,52.060001,52.720001,38.187580,4463000
2010-02-08,52.820000,52.820000,51.990002,52.009998,37.673313,2102500
2010-02-09,52.290001,52.880001,52.139999,52.490002,38.020988,2192600
2010-02-10,52.549999,52.619999,52.220001,52.330002,37.905102,2001900
2010-02-11,52.410000,52.660000,51.930000,52.619999,38.115150,1918900
2010-02-12,52.389999,52.790001,52.200001,52.340000,37.912319,3179000
2010-02-16,52.599998,52.680000,51.910000,52.599998,38.100670,2551100
2010-02-17,52.560001,52.980000,52.450001,52.980000,38.375912,2304600
2010-02-18,52.849998,53.119999,52.779999,53.009998,38.397644,1458900
2010-02-19,52.930000,53.400002,52.810001,53.200001,38.535282,1985200
2010-02-22,53.150002,53.320000,52.740002,52.860001,38.288986,2577100
2010-02-23,52.889999,53.060001,52.369999,52.730000,38.194828,2344700
2010-02-24,52.799999,53.320000,52.150002,52.400002,37.955791,2329300
2010-02-25,52.040001,52.380001,51.700001,52.310001,37.890610,2045000
2010-02-26,52.330002,52.389999,51.820000,52.150002,38.047470,2110700
2010-03-01,52.310001,52.459999,52.049999,52.160000,38.054752,2476100
2010-03-02,52.320000,52.770000,52.320000,52.610001,38.383080,2301800
2010-03-03,52.599998,52.790001,52.480000,52.570000,38.353889,2050700
2010-03-04,52.529999,53.000000,52.209999,52.650002,38.412247,2761900
2010-03-05,52.759998,52.939999,52.410000,52.930000,38.616543,1649400
2010-03-08,52.799999,52.799999,52.509998,52.619999,38.390366,1518000
2010-03-09,52.439999,52.709999,52.320000,52.430000,38.251755,1408300
2010-03-10,52.470001,52.750000,52.310001,52.509998,38.310108,2099300
2010-03-11,52.790001,52.970001,52.330002,52.689999,38.441441,2331000
2010-03-12,52.610001,53.049999,52.439999,52.490002,38.295509,2173300
2010-03-15,52.439999,52.799999,52.389999,52.509998,38.310108,1385600
2010-03-16,52.730000,52.910000,52.509998,52.830002,38.543575,1912600
2010-03-17,52.970001,53.130001,52.619999,52.959999,38.638428,1967000
2010-03-18,52.980000,53.080002,52.700001,52.840000,38.550869,1974500
2010-03-19,53.430000,53.459999,52.689999,53.430000,38.981319,3283100
2010-03-22,53.490002,54.320000,53.259998,54.160000,39.513924,3631700
2010-03-23,54.349998,54.799999,54.119999,54.759998,39.951664,2804500
2010-03-24,54.549999,54.750000,54.340000,54.610001,39.842224,2126600
2010-03-25,54.750000,54.799999,53.950001,54.240002,39.572273,2490700
2010-03-26,54.240002,54.349998,53.529999,53.759998,39.222080,1940600
2010-03-29,53.279999,53.959999,53.099998,53.860001,39.295044,2381300
2010-03-30,53.889999,54.200001,53.730000,53.750000,39.214790,1937700
2010-03-31,53.570000,53.720001,53.340000,53.430000,38.981319,1943300
2010-04-01,53.529999,53.889999,53.430000,53.610001,39.112644,1933400
2010-04-05,53.750000,53.810001,53.029999,53.139999,38.769741,1960400
2010-04-06,53.040001,53.150002,52.849998,53.040001,38.696785,1824100
2010-04-07,53.060001,53.060001,52.540001,52.650002,38.412247,2325100
2010-04-08,52.500000,52.580002,52.240002,52.310001,38.164204,2309300
2010-04-09,52.320000,52.970001,52.029999,52.810001,38.528980,3031600
2010-04-12,53.060001,53.169998,52.900002,53.080002,38.725964,1582900
2010-04-13,52.970001,53.270000,52.930000,53.119999,38.755165,2175800
2010-04-14,53.119999,53.520000,52.939999,53.520000,39.046978,2721500
2010-04-15,53.290001,53.700001,52.910000,53.540001,39.061573,1960600
2010-04-16,53.439999,54.119999,53.400002,54.040001,39.426369,3888000
2010-04-19,53.830002,53.939999,53.450001,53.779999,39.236679,2235800
2010-04-20,53.919998,54.000000,53.150002,53.610001,39.112644,2450200
2010-04-21,53.560001,54.000000,53.520000,53.869999,39.302334,2284800
2010-04-22,53.709999,54.000000,53.520000,53.980000,39.382595,2339700
2010-04-23,53.880001,53.950001,53.360001,53.619999,39.119965,2190000
2010-04-26,53.669998,53.959999,53.270000,53.340000,38.915657,2326000
2010-04-27,53.080002,53.250000,52.430000,52.430000,38.251755,2996500
2010-04-28,52.639999,52.799999,52.150002,52.580002,38.361183,2918800
2010-04-29,53.000000,55.360001,53.000000,55.009998,40.134056,8059100
2010-04-30,54.790001,55.450001,54.759998,54.939999,40.082973,3460400
2010-05-03,55.130001,55.130001,54.290001,54.740002,39.937065,2704300
2010-05-04,54.310001,54.860001,53.959999,54.130001,39.492020,3053200
2010-05-05,54.040001,54.779999,53.880001,54.740002,39.937065,3409000
2010-05-06,54.599998,54.900002,52.500000,53.709999,39.185616,4834500
2010-05-07,53.599998,53.700001,52.400002,52.840000,38.550869,4408000
2010-05-10,54.220001,54.490002,53.779999,54.250000,39.579578,3062500
2010-05-11,53.950001,54.919998,53.639999,54.380001,39.674416,1859200
2010-05-12,54.389999,55.000000,54.099998,54.889999,40.046505,2729100
2010-05-13,54.980000,55.250000,54.430000,54.630001,39.856812,1673800
2010-05-14,54.310001,54.630001,54.200001,54.500000,39.761971,2680400
2010-05-17,54.650002,55.680000,54.480000,55.580002,40.549908,3654900
2010-05-18,55.740002,56.000000,55.389999,55.459999,40.462376,2798400
2010-05-19,55.410000,55.459999,54.700001,55.169998,40.250793,2829500
2010-05-20,54.570000,54.610001,53.759998,53.759998,39.222080,4538700
2010-05-21,53.200001,54.080002,53.200001,54.080002,39.455559,2781700
2010-05-24,53.820000,54.430000,53.610001,53.959999,39.368008,1540100
2010-05-25,53.130001,53.430000,52.669998,53.430000,38.981319,2916100
2010-05-26,53.790001,53.830002,52.849998,52.910000,38.601948,3189500
2010-05-27,53.200001,53.610001,52.970001,53.590000,39.377140,1668200
2010-05-28,53.740002,53.880001,53.220001,53.430000,39.259571,2665800
2010-06-01,53.119999,54.049999,53.029999,53.590000,39.377140,3136100
2010-06-02,53.849998,54.939999,53.790001,54.939999,40.369087,2989800
2010-06-03,54.939999,55.209999,54.880001,55.110001,40.494026,1604400
2010-06-04,54.020000,54.119999,52.970001,53.220001,39.105270,4448800
2010-06-07,53.189999,54.230000,53.020000,53.490002,39.303669,2437100
2010-06-08,53.490002,54.400002,53.330002,54.349998,39.935574,3138600
2010-06-09,54.209999,54.639999,53.849998,53.980000,39.663708,3443800
2010-06-10,54.549999,54.740002,54.060001,54.330002,39.920879,3892900
2010-06-11,53.970001,53.990002,53.369999,53.660000,39.428570,3162600
2010-06-14,53.990002,54.900002,53.990002,54.470001,40.023743,3347500
2010-06-15,54.970001,54.970001,54.200001,54.619999,40.133972,2181000
2010-06-16,54.180000,54.400002,54.070000,54.200001,39.825356,2289100
2010-06-17,54.400002,54.810001,54.220001,54.799999,40.266239,2448300
2010-06-18,54.669998,54.959999,54.410000,54.470001,40.023743,3005300
2010-06-21,54.709999,54.889999,53.570000,53.959999,39.649025,4033500
2010-06-22,53.779999,54.470001,53.439999,53.480000,39.296322,2359500
2010-06-23,53.459999,53.650002,53.020000,53.380001,39.222836,1824200
2010-06-24,53.279999,53.279999,52.660000,52.860001,38.840744,2232700
2010-06-25,52.810001,53.040001,52.330002,52.419998,38.517448,3103200
2010-06-28,52.430000,53.060001,52.299999,52.509998,38.583576,2042500
2010-06-29,52.009998,52.340000,51.259998,51.750000,38.025139,3233100
2010-06-30,51.270000,51.270000,50.209999,50.299999,36.959698,4905600
2010-07-01,50.209999,50.830002,49.750000,50.770000,37.305035,3107500
2010-07-02,50.770000,50.980000,50.450001,50.669998,37.231571,1821500
2010-07-06,51.299999,51.630001,50.880001,51.310001,37.701824,1745700
2010-07-07,51.349998,51.990002,51.099998,51.990002,38.201492,1688500
2010-07-08,52.230000,52.419998,51.560001,51.939999,38.164749,2172700
2010-07-09,52.040001,52.049999,51.619999,51.770000,38.039829,1042100
2010-07-12,51.560001,51.730000,51.419998,51.630001,37.936966,1012300
2010-07-13,52.049999,52.230000,51.799999,51.950001,38.172085,1661900
2010-07-14,51.790001,52.099998,51.490002,52.060001,38.252914,2300400
2010-07-15,52.119999,52.259998,51.389999,51.889999,38.128002,2455400
2010-07-16,51.639999,51.810001,50.930000,51.049999,37.510788,2080900
2010-07-19,51.330002,51.480000,50.889999,51.310001,37.701824,1811400
2010-07-20,50.799999,51.650002,50.779999,51.639999,37.944313,1834700
2010-07-21,51.830002,51.840000,50.990002,51.139999,37.576923,1925700
2010-07-22,51.330002,51.630001,50.349998,50.599998,37.180141,3334000
2010-07-23,50.630001,51.400002,50.540001,51.099998,37.547520,2488200
2010-07-26,51.000000,51.509998,51.000000,51.340000,37.723881,2345400
2010-07-27,51.549999,52.580002,51.150002,52.480000,38.561535,3708400
2010-07-28,52.480000,52.480000,51.470001,51.520000,37.856136,3023400
2010-07-29,49.540001,50.099998,47.279999,47.980000,35.255005,10932200
2010-07-30,47.790001,50.160000,47.790001,50.049999,36.775993,9721900
2010-08-02,50.470001,50.529999,49.750000,50.000000,36.739265,4236800
2010-08-03,49.590000,50.070000,49.520000,49.669998,36.496780,3758100
2010-08-04,49.849998,50.950001,49.680000,50.759998,37.297707,3462000
2010-08-05,50.599998,50.599998,48.970001,49.869999,36.643745,5463500
2010-08-06,49.630001,50.240002,49.430000,50.150002,36.849472,4328400
2010-08-09,50.209999,51.090000,50.209999,50.790001,37.319744,3977600
2010-08-10,50.580002,51.840000,50.580002,51.770000,38.039829,4992900
2010-08-11,51.250000,51.380001,50.630001,50.919998,37.415268,4404400
2010-08-12,49.910000,50.650002,49.799999,50.369999,37.011127,4689500
2010-08-13,50.220001,51.020000,50.060001,50.639999,37.209522,3457100
2010-08-16,50.480000,50.939999,50.230000,50.930000,37.422615,1609200
2010-08-17,51.130001,51.570000,50.860001,51.200001,37.621002,2377400
2010-08-18,51.270000,51.299999,50.790001,50.959999,37.444672,2282800
2010-08-19,50.910000,50.910000,49.700001,49.860001,36.636395,3670900
2010-08-20,49.759998,49.860001,49.509998,49.750000,36.555573,2878900
2010-08-23,49.959999,50.209999,49.750000,49.910000,36.673130,1795100
2010-08-24,49.509998,49.939999,49.500000,49.720001,36.533531,2797600
2010-08-25,49.400002,49.919998,49.320000,49.599998,36.445347,2755900
2010-08-26,49.619999,49.830002,49.000000,49.410000,36.305752,3073600
2010-08-27,49.480000,50.509998,49.480000,50.490002,37.099308,2519400
2010-08-30,49.970001,50.119999,49.290001,49.310001,36.525246,1996500
2010-08-31,49.270000,50.029999,49.270000,49.680000,36.799316,3239800
2010-09-01,50.200001,50.439999,49.680000,49.900002,36.962280,3298600
2010-09-02,50.060001,50.169998,49.490002,50.020000,37.051155,2568200
2010-09-03,50.200001,50.410000,49.939999,50.410000,37.340038,1954100
2010-09-07,50.230000,50.529999,50.029999,50.070000,37.088196,1180300
2010-09-08,50.049999,50.750000,50.049999,50.560001,37.451149,1584500
2010-09-09,50.980000,50.980000,50.669998,50.889999,37.695591,1216000
2010-09-10,50.610001,51.320000,50.610001,51.270000,37.977077,1955100
2010-09-13,51.450001,51.520000,50.970001,51.310001,38.006695,1356000
2010-09-14,51.060001,51.060001,50.619999,50.709999,37.562267,1806500
2010-09-15,50.740002,51.029999,50.400002,51.000000,37.777077,1999800
2010-09-16,51.000000,51.070000,50.610001,50.980000,37.762253,1531400
2010-09-17,51.000000,51.110001,50.570000,50.580002,37.465958,2214100
2010-09-20,50.750000,50.880001,50.590000,50.820000,37.643753,1999400
2010-09-21,50.599998,50.830002,50.029999,50.360001,37.303017,2846500
2010-09-22,50.470001,51.000000,50.470001,50.770000,37.606697,2035100
2010-09-23,50.299999,50.799999,50.250000,50.560001,37.451149,1641400
2010-09-24,50.830002,51.049999,50.790001,51.000000,37.777077,2180800
2010-09-27,50.939999,51.000000,50.599998,50.610001,37.488190,1480800
2010-09-28,50.709999,50.880001,50.209999,50.660000,37.525223,1707200
2010-09-29,50.529999,50.820000,50.349998,50.619999,37.495602,1164800
2010-09-30,50.689999,50.990002,50.130001,50.509998,37.414116,2165100
2010-10-01,50.540001,51.000000,50.520000,50.910000,37.710415,2041900
2010-10-04,50.590000,50.970001,50.340000,50.580002,37.465958,1986800
2010-10-05,50.799999,51.000000,50.590000,50.639999,37.510406,3559600
2010-10-06,50.630001,50.910000,50.380001,50.490002,37.399307,2520300
2010-10-07,50.730000,50.770000,50.020000,50.200001,37.184483,1517600
2010-10-08,50.169998,50.299999,49.650002,49.970001,37.014118,2447700
2010-10-11,49.910000,50.020000,49.700001,49.820000,36.903011,1471600
2010-10-12,49.759998,50.160000,49.529999,50.029999,37.058567,1903700
2010-10-13,50.220001,50.919998,50.220001,50.810001,37.636337,2739300
2010-10-14,50.849998,51.099998,50.259998,50.369999,37.310413,2460600
2010-10-15,50.700001,50.750000,49.939999,50.080002,37.095608,3004700
2010-10-18,50.160000,50.160000,49.930000,50.099998,37.110424,2210600
2010-10-19,49.840000,50.310001,49.590000,49.900002,36.962280,2183400
2010-10-20,49.959999,50.369999,49.939999,50.020000,37.051155,1683500
2010-10-21,49.049999,50.540001,48.810001,49.750000,36.851170,7321900
2010-10-22,49.549999,49.700001,49.169998,49.549999,36.703022,4288100
2010-10-25,49.759998,49.889999,49.450001,49.570000,36.717834,2369600
2010-10-26,49.509998,49.590000,49.130001,49.259998,36.488213,2585200
2010-10-27,48.980000,49.299999,48.720001,49.080002,36.354874,3152900
2010-10-28,49.139999,49.820000,49.049999,49.380001,36.577091,3031900
2010-10-29,49.270000,50.290001,49.270000,50.259998,37.228939,4072600
2010-11-01,50.369999,50.799999,50.099998,50.750000,37.591896,4941900
2010-11-02,50.500000,50.500000,49.360001,49.689999,36.806713,7224000
2010-11-03,49.650002,49.959999,49.209999,49.570000,36.717834,3356300
2010-11-04,49.599998,49.740002,49.160000,49.310001,36.525246,4757700
2010-11-05,49.400002,49.480000,49.049999,49.320000,36.532650,4955500
2010-11-08,49.150002,49.380001,49.049999,49.320000,36.532650,2233400
2010-11-09,49.320000,49.360001,48.779999,48.939999,36.251186,3212800
2010-11-10,48.750000,48.880001,48.509998,48.880001,36.206726,2730000
2010-11-11,48.709999,49.250000,48.580002,49.250000,36.480797,2136600
2010-11-12,49.200001,49.209999,48.759998,48.950001,36.258575,1869100
2010-11-15,49.130001,49.250000,48.740002,48.799999,36.147476,1113500
2010-11-16,48.639999,48.970001,48.529999,48.939999,36.251186,3481300
2010-11-17,48.939999,49.130001,48.820000,48.880001,36.206726,2275800
2010-11-18,49.160000,49.419998,49.020000,49.380001,36.577091,6365200
2010-11-19,49.380001,49.380001,48.869999,48.980000,36.280807,7264200
2010-11-22,48.939999,49.189999,48.650002,49.130001,36.391911,5757600
2010-11-23,49.020000,49.320000,48.689999,49.299999,36.517830,3214600
2010-11-24,49.189999,49.480000,49.029999,49.189999,36.436359,1875900
2010-11-26,49.110001,49.570000,48.970001,49.480000,36.651180,1183900
2010-11-29,48.939999,49.290001,48.740002,49.189999,36.737061,3133700
2010-11-30,48.990002,49.480000,48.869999,49.230000,36.766930,3053200
2010-12-01,49.520000,49.580002,49.040001,49.439999,36.923771,3138800
2010-12-02,49.340000,49.549999,49.220001,49.529999,36.990986,3059000
2010-12-03,49.369999,49.549999,49.060001,49.500000,36.968575,2162900
2010-12-06,49.490002,49.590000,49.240002,49.299999,36.819199,3078600
2010-12-07,49.509998,49.509998,48.849998,48.910000,36.527927,3571200
2010-12-08,48.980000,49.730000,48.869999,49.639999,37.073135,3452100
2010-12-09,49.660000,49.990002,49.660000,49.770000,37.170227,3000900
2010-12-10,49.799999,49.860001,49.660000,49.779999,37.177692,3825000
2010-12-13,49.790001,50.279999,49.779999,50.220001,37.506302,4123000
2010-12-14,50.340000,51.090000,50.189999,51.020000,38.103779,3351500
2010-12-15,51.029999,51.099998,50.849998,51.060001,38.133652,2749600
2010-12-16,51.220001,51.270000,50.970001,51.139999,38.193401,1881300
2010-12-17,51.000000,51.380001,50.990002,51.230000,38.260605,2611900
2010-12-20,51.169998,51.450001,51.119999,51.360001,38.357685,1786400
2010-12-21,51.500000,51.619999,51.080002,51.110001,38.170994,1923200
2010-12-22,50.930000,51.380001,50.910000,51.299999,38.312889,1445200
2010-12-23,51.340000,51.470001,51.049999,51.150002,38.200867,1558900
2010-12-27,51.020000,51.290001,51.000000,51.070000,38.141121,862300
2010-12-28,51.139999,51.290001,51.049999,51.150002,38.200867,686800
2010-12-29,51.169998,51.490002,51.110001,51.110001,38.170994,953600
2010-12-30,51.020000,51.160000,50.970001,51.119999,38.178452,1076600
2010-12-31,51.080002,51.279999,51.000000,51.080002,38.148582,773800
2011-01-03,51.230000,51.230000,50.740002,50.880001,37.999214,2659200
2011-01-04,50.939999,51.470001,50.580002,51.290001,38.305431,3093800
2011-01-05,51.070000,51.500000,50.939999,51.070000,38.141121,2492900
2011-01-06,51.000000,51.080002,50.740002,50.919998,38.029095,1774700
2011-01-07,50.869999,51.209999,50.790001,51.000000,38.088844,1510500
2011-01-10,50.919998,51.209999,50.880001,51.049999,38.126179,1257400
2011-01-11,51.060001,51.250000,50.880001,50.919998,38.029095,1802300
2011-01-12,50.990002,51.450001,50.930000,51.110001,38.170994,2129300
2011-01-13,51.180000,51.639999,51.070000,51.500000,38.462257,2385000
2011-01-14,51.439999,51.669998,50.970001,51.000000,38.088844,2512800
2011-01-18,51.169998,51.230000,50.950001,51.139999,38.193401,2399300
2011-01-19,51.209999,51.490002,50.939999,51.049999,38.126179,1800000
2011-01-20,50.889999,51.820000,50.889999,51.680000,38.596676,4730200
2011-01-21,51.849998,52.040001,51.709999,51.950001,38.798325,2322300
2011-01-24,52.009998,52.200001,51.810001,51.849998,38.723663,1598100
2011-01-25,51.830002,51.990002,51.669998,51.730000,38.634029,2533500
2011-01-26,51.910000,52.060001,51.279999,51.500000,38.462257,1994600
2011-01-27,51.680000,51.680000,50.540001,50.849998,37.976810,2686000
2011-01-28,50.930000,51.320000,50.439999,50.490002,37.707943,1925900
2011-01-31,50.560001,50.630001,50.029999,50.299999,37.566048,2334000
2011-02-01,50.320000,50.630001,49.990002,50.200001,37.491356,2448200
2011-02-02,50.259998,50.750000,50.139999,50.360001,37.610870,3010000
2011-02-03,51.250000,52.650002,50.740002,52.520000,39.224041,8099600
2011-02-04,52.910000,53.700001,52.700001,53.419998,39.896191,5566300
2011-02-07,53.490002,53.759998,53.220001,53.250000,39.769226,3264400
2011-02-08,53.279999,53.669998,53.150002,53.290001,39.799103,2882500
2011-02-09,53.110001,53.270000,52.900002,53.099998,39.657204,2191200
2011-02-10,53.029999,53.230000,52.630001,52.810001,39.440617,2440000
2011-02-11,52.520000,53.200001,52.250000,53.090000,39.649731,1994400
2011-02-14,53.180000,54.790001,52.950001,53.480000,39.940998,5199400
2011-02-15,53.139999,53.490002,52.919998,53.000000,39.582520,2602200
2011-02-16,53.169998,53.180000,52.730000,52.930000,39.530247,1703200
2011-02-17,52.849998,53.160000,52.700001,53.000000,39.582520,1754000
2011-02-18,53.060001,53.060001,52.590000,53.009998,39.589981,2216300
2011-02-22,52.889999,53.570000,52.889999,53.189999,39.724407,3432700
2011-02-23,53.279999,54.000000,53.209999,53.459999,39.926067,3784000
2011-02-24,53.349998,53.689999,53.080002,53.099998,39.657204,2585600
2011-02-25,53.040001,53.450001,52.700001,53.150002,39.999619,1830700
2011-02-28,53.310001,53.750000,53.150002,53.560001,40.308174,2496800
2011-03-01,53.520000,53.830002,52.970001,52.990002,39.879215,1804400
2011-03-02,52.849998,53.270000,52.720001,53.169998,40.014668,2159600
2011-03-03,53.320000,54.040001,53.320000,53.970001,40.616753,2822500
2011-03-04,53.830002,54.500000,53.830002,54.330002,40.887661,3222100
2011-03-07,54.320000,54.490002,53.889999,54.169998,40.767262,2003700
2011-03-08,54.160000,54.590000,54.049999,54.540001,41.045715,1351700
2011-03-09,54.459999,54.959999,54.450001,54.900002,41.316635,1240200
2011-03-10,54.400002,55.000000,54.349998,54.900002,41.316635,2272900
2011-03-11,54.790001,55.410000,54.790001,55.040001,41.421997,2687900
2011-03-14,54.860001,54.900002,54.410000,54.540001,41.045715,1675400
2011-03-15,53.880001,54.369999,53.750000,54.070000,40.692009,2120900
2011-03-16,54.180000,54.230000,53.450001,53.650002,40.375916,2139700
2011-03-17,53.980000,54.029999,53.110001,53.450001,40.225403,2439700
2011-03-18,53.840000,54.310001,53.810001,54.169998,40.767262,2072400
2011-03-21,54.380001,54.500000,54.000000,54.099998,40.714573,1892600
2011-03-22,54.090000,54.320000,53.880001,53.970001,40.616753,2205800
2011-03-23,53.849998,54.060001,53.570000,53.660000,40.383446,2197600
2011-03-24,53.720001,53.860001,53.480000,53.590000,40.330757,1729000
2011-03-25,53.740002,53.770000,53.290001,53.389999,40.180244,1597700
2011-03-28,53.330002,54.000000,53.279999,53.740002,40.443645,1415800
2011-03-29,53.590000,53.970001,53.560001,53.880001,40.549007,1363400
2011-03-30,53.900002,54.180000,53.689999,53.900002,40.564053,2237500
2011-03-31,53.790001,54.450001,53.790001,53.980000,40.624268,1656600
2011-04-01,53.980000,54.189999,53.939999,54.000000,40.639317,1455900
2011-04-04,54.130001,54.230000,54.009998,54.230000,40.812401,1194400
2011-04-05,54.080002,54.230000,53.930000,53.950001,40.601688,1326300
2011-04-06,54.080002,54.450001,53.919998,54.259998,40.834995,884100
2011-04-07,54.180000,54.240002,53.919998,54.029999,40.661907,819500
2011-04-08,54.200001,54.320000,53.799999,53.939999,40.594162,846800
2011-04-11,54.080002,54.799999,53.990002,54.709999,41.173645,2150000
2011-04-12,54.570000,54.930000,54.400002,54.650002,41.128490,1321300
2011-04-13,54.669998,54.970001,54.450001,54.889999,41.309109,1192100
2011-04-14,54.750000,55.349998,54.639999,55.250000,41.580040,1944200
2011-04-15,55.380001,55.619999,55.180000,55.369999,41.670361,1637500
2011-04-18,55.150002,55.259998,54.669998,55.169998,41.519833,1850200
2011-04-19,55.110001,55.230000,54.910000,55.200001,41.542423,1463200
2011-04-20,55.450001,55.700001,55.330002,55.590000,41.835922,1358900
2011-04-21,55.790001,55.790001,55.200001,55.380001,41.677872,748800
2011-04-25,55.459999,55.459999,55.090000,55.340000,41.647770,1105000
2011-04-26,55.360001,55.860001,55.360001,55.759998,41.963863,1600000
2011-04-27,55.810001,56.369999,55.709999,56.340000,42.400360,2042400
2011-04-28,56.340000,56.910000,56.099998,56.840000,42.776649,1747400
2011-04-29,56.770000,57.419998,56.730000,57.270000,43.100250,1867900
2011-05-02,57.189999,57.490002,57.130001,57.270000,43.100250,2478100
2011-05-03,57.040001,57.500000,56.959999,57.439999,43.228195,2224400
2011-05-04,56.430000,57.029999,56.000000,56.759998,42.716446,5664100
2011-05-05,56.590000,57.160000,56.400002,56.549999,42.558392,2603500
2011-05-06,56.880001,57.369999,56.590000,56.750000,42.708916,1766100
2011-05-09,56.750000,56.759998,56.360001,56.410000,42.453037,1667400
2011-05-10,56.500000,57.090000,56.410000,56.990002,42.889542,2396500
2011-05-11,57.000000,57.110001,56.470001,56.660000,42.641186,2002200
2011-05-12,56.549999,57.669998,56.549999,57.500000,43.273357,2342200
2011-05-13,57.459999,57.700001,57.290001,57.560001,43.318497,1430800
2011-05-16,57.500000,57.500000,57.180000,57.259998,43.092728,1847700
2011-05-17,57.119999,57.509998,57.049999,57.279999,43.107777,1361800
2011-05-18,57.310001,57.320000,57.029999,57.160000,43.017467,1314000
2011-05-19,57.299999,57.400002,57.130001,57.310001,43.130352,1030900
2011-05-20,57.369999,57.450001,56.939999,57.139999,43.002419,1227600
2011-05-23,56.930000,57.090000,56.720001,56.790001,42.739025,1363900
2011-05-24,56.919998,56.950001,56.430000,56.490002,42.513248,2102600
2011-05-25,56.320000,56.400002,55.860001,56.209999,42.302517,1240800
2011-05-26,56.020000,56.970001,56.020000,56.779999,42.731491,1783900
2011-05-27,56.299999,56.810001,56.299999,56.439999,42.780762,2347000
2011-05-31,56.779999,57.000000,56.560001,56.990002,43.197659,2076000
2011-06-01,56.750000,56.820000,56.380001,56.450001,42.788342,1625900
2011-06-02,56.369999,56.599998,55.360001,55.490002,42.060669,1738100
2011-06-03,55.070000,55.290001,54.709999,54.919998,41.628620,1419400
2011-06-06,54.799999,55.119999,54.759998,54.959999,41.658943,1505600
2011-06-07,55.130001,55.570000,55.040001,55.330002,41.939396,2120100
2011-06-08,55.380001,55.560001,54.950001,55.480000,42.053089,1887700
2011-06-09,55.419998,56.110001,55.230000,55.790001,42.288067,1698500
2011-06-10,55.529999,55.689999,54.889999,54.889999,41.605881,1367100
2011-06-13,55.040001,55.730000,54.980000,55.410000,42.000031,1309700
2011-06-14,55.820000,55.900002,53.669998,54.959999,41.658943,5664900
2011-06-15,54.470001,54.790001,54.119999,54.320000,41.173836,2586300
2011-06-16,54.400002,54.799999,54.099998,54.740002,41.492184,1846700
2011-06-17,55.110001,55.259998,54.880001,54.919998,41.628620,2358500
2011-06-20,54.910000,55.389999,54.599998,55.250000,41.878754,1951700
2011-06-21,55.400002,55.450001,54.990002,54.990002,41.681679,1808500
2011-06-22,55.029999,55.209999,54.610001,54.669998,41.439125,1345300
2011-06-23,54.320000,54.320000,53.450001,54.119999,41.022232,2527700
2011-06-24,54.310001,54.939999,54.200001,54.759998,41.507339,2776000
2011-06-27,54.639999,55.110001,54.639999,54.820000,41.552830,1971600
2011-06-28,55.040001,55.189999,54.790001,55.169998,41.818123,2500800
2011-06-29,55.160000,55.330002,54.840000,55.189999,41.833271,1714700
2011-06-30,55.250000,55.480000,55.200001,55.320000,41.931816,1495800
2011-07-01,55.070000,55.430000,54.959999,55.400002,41.992451,1361400
2011-07-05,55.259998,55.310001,55.000000,55.139999,41.795380,1160100
2011-07-06,54.950001,55.509998,54.950001,55.500000,42.068260,1417800
2011-07-07,55.740002,55.779999,55.250000,55.730000,42.242588,2597400
2011-07-08,55.599998,55.709999,55.000000,55.169998,41.818123,2366700
2011-07-11,54.610001,55.349998,54.540001,55.110001,41.772633,1892100
2011-07-12,55.070000,55.820000,54.919998,55.570000,42.121319,1616800
2011-07-13,55.840000,55.860001,55.290001,55.410000,42.000031,1643600
2011-07-14,55.380001,55.730000,55.180000,55.290001,41.909073,1465400
2011-07-15,55.220001,55.529999,54.840000,55.240002,41.871178,1825700
2011-07-18,55.000000,55.099998,54.349998,54.970001,41.666519,1898100
2011-07-19,54.990002,55.430000,54.759998,55.410000,42.000031,1498200
2011-07-20,55.549999,55.639999,55.189999,55.360001,41.962135,1336000
2011-07-21,55.549999,56.000000,55.480000,55.919998,42.386600,1425400
2011-07-22,55.990002,56.029999,55.619999,55.910000,42.379025,858200
2011-07-25,55.520000,56.119999,55.520000,55.889999,42.363861,1784000
2011-07-26,55.799999,55.980000,55.580002,55.790001,42.288067,1227600
2011-07-27,55.520000,56.110001,55.450001,55.549999,42.106144,2645100
2011-07-28,55.549999,56.389999,55.000000,55.820000,42.310810,3955200
2011-07-29,55.480000,56.009998,55.070000,55.779999,42.280491,2243000
2011-08-01,56.160000,56.160000,54.889999,55.310001,41.924236,2243700
2011-08-02,55.040001,55.160000,54.439999,54.439999,41.264790,2471300
2011-08-03,54.450001,54.480000,53.830002,54.349998,41.196560,2818200
2011-08-04,53.900002,54.400002,52.410000,52.410000,39.726074,4879200
2011-08-05,52.820000,53.570000,52.139999,53.360001,40.446152,3908400
2011-08-08,52.889999,53.459999,51.580002,51.669998,39.165154,4217100
2011-08-09,51.930000,52.599998,50.380001,52.560001,39.839764,4640100
2011-08-10,52.209999,52.520000,51.340000,51.459999,39.005985,4543800
2011-08-11,51.410000,52.529999,51.139999,52.130001,39.513836,4746500
2011-08-12,52.389999,53.220001,52.080002,52.889999,40.089912,2439900
2011-08-15,53.299999,53.650002,52.900002,53.599998,40.628075,1585300
2011-08-16,53.570000,53.810001,52.980000,53.560001,40.597752,1562300
2011-08-17,53.660000,54.200001,53.279999,53.470001,40.529549,2821200
2011-08-18,52.650002,53.320000,52.220001,52.799999,40.021683,3401300
2011-08-19,52.580002,53.209999,52.200001,52.259998,39.612373,2856000
2011-08-22,52.900002,53.000000,52.299999,52.799999,40.021683,2537100
2011-08-23,52.830002,53.200001,52.520000,53.200001,40.324871,1886300
2011-08-24,53.000000,53.509998,52.830002,53.439999,40.506805,1820900
2011-08-25,53.610001,53.709999,52.540001,52.790001,40.014103,1838600
2011-08-26,52.669998,53.240002,51.660000,53.180000,40.309727,1625500
2011-08-29,53.500000,54.169998,53.470001,54.160000,41.052551,1137500
2011-08-30,53.750000,54.130001,53.250000,53.849998,41.144234,2281400
2011-08-31,54.200001,54.490002,54.009998,54.320000,41.503334,2212100
2011-09-01,54.279999,54.730000,53.919998,53.970001,41.235935,1530000
2011-09-02,53.520000,54.009998,53.369999,53.610001,40.960857,1515400
2011-09-06,52.599998,53.549999,52.349998,53.509998,40.884460,2060900
2011-09-07,53.990002,54.470001,53.730000,54.410000,41.572109,1426400
2011-09-08,54.150002,54.939999,54.009998,54.400002,41.564465,2140700
2011-09-09,53.959999,54.060001,52.810001,53.090000,40.563557,1692000
2011-09-12,52.849998,53.000000,51.959999,52.639999,40.219734,2233700
2011-09-13,52.740002,52.770000,52.049999,52.450001,40.074566,2280900
2011-09-14,52.680000,53.049999,52.180000,52.660000,40.234997,2583900
2011-09-15,52.970001,53.950001,52.830002,53.700001,41.029636,2223400
2011-09-16,53.900002,54.020000,53.580002,53.990002,41.251209,1993800
2011-09-19,53.439999,53.650002,53.000000,53.480000,40.861542,1291500
2011-09-20,53.619999,54.070000,53.360001,53.439999,40.830978,1324100
2011-09-21,53.459999,53.709999,52.610001,52.619999,40.204445,1714900
2011-09-22,51.880001,52.580002,51.630001,52.410000,40.044003,2925300
2011-09-23,52.349998,52.880001,51.900002,52.599998,40.189163,2163900
2011-09-26,52.830002,53.459999,52.580002,53.410000,40.808064,1727100
2011-09-27,53.939999,54.660000,53.680000,54.180000,41.396378,1781800
2011-09-28,54.180000,54.549999,53.639999,53.689999,41.021984,2254000
2011-09-29,54.189999,54.560001,53.360001,53.849998,41.144234,1954900
2011-09-30,53.490002,54.009998,53.150002,53.189999,40.639961,2313600
2011-10-03,52.730000,53.410000,52.630001,52.880001,40.403095,3198700
2011-10-04,52.560001,53.220001,51.939999,53.200001,40.647594,2400000
2011-10-05,53.189999,53.529999,52.580002,52.950001,40.456596,1674300
2011-10-06,52.959999,53.459999,52.669998,53.439999,40.830978,2174500
2011-10-07,53.680000,53.910000,53.349998,53.610001,40.960857,2572900
2011-10-10,54.029999,54.150002,53.700001,54.049999,41.297047,1078500
2011-10-11,53.880001,54.389999,53.709999,54.220001,41.426941,902400
2011-10-12,54.340000,54.709999,54.330002,54.439999,41.595036,1851400
2011-10-13,54.200001,54.310001,53.490002,53.959999,41.228279,1733900
2011-10-14,54.400002,54.849998,54.340000,54.840000,41.900654,1569900
2011-10-17,54.540001,55.000000,54.540001,54.820000,41.885376,2481400
2011-10-18,54.669998,55.009998,54.169998,54.820000,41.885376,1769300
2011-10-19,54.860001,55.150002,54.380001,54.480000,41.625591,1059800
2011-10-20,54.439999,54.930000,54.110001,54.389999,41.556824,1648200
2011-10-21,54.799999,55.009998,54.680000,54.980000,42.007618,1740500
2011-10-24,55.000000,55.099998,54.619999,54.770000,41.847160,1632600
2011-10-25,54.790001,54.860001,53.810001,53.869999,41.159519,1762200
2011-10-26,54.250000,54.650002,53.889999,54.540001,41.671436,2499200
2011-10-27,55.070000,55.299999,54.639999,55.070000,42.076382,2140400
2011-10-28,55.090000,55.110001,54.410000,54.779999,41.854813,1702100
2011-10-31,54.410000,54.820000,54.209999,54.209999,41.419300,1431100
2011-11-01,53.599998,54.250000,53.259998,53.560001,40.922665,2273000
2011-11-02,54.119999,54.119999,53.560001,54.040001,41.289413,1749500
2011-11-03,49.939999,50.669998,49.520000,49.910000,38.133858,9461300
2011-11-04,49.959999,50.389999,49.680000,49.910000,38.133858,4191300
2011-11-07,49.889999,50.480000,49.700001,50.439999,38.538818,2349500
2011-11-08,50.590000,50.950001,49.759998,49.889999,38.118580,4304600
2011-11-09,49.830002,49.880001,48.820000,49.080002,37.499702,3443700
2011-11-10,49.400002,49.799999,48.919998,49.380001,37.728920,3415600
2011-11-11,49.689999,49.950001,49.590000,49.720001,37.988705,1741500
2011-11-14,49.490002,49.880001,49.419998,49.650002,37.935223,1754100
2011-11-15,49.330002,49.910000,49.150002,49.799999,38.049820,5323800
2011-11-16,49.520000,49.799999,49.130001,49.169998,37.568466,2448900
2011-11-17,49.209999,49.610001,49.080002,49.380001,37.728920,2177900
2011-11-18,49.520000,49.599998,49.040001,49.369999,37.721287,2905600
2011-11-21,49.029999,49.340000,48.970001,49.139999,37.545536,2885500
2011-11-22,49.200001,49.220001,48.750000,48.840000,37.316334,2824200
2011-11-23,48.639999,48.830002,48.110001,48.250000,36.865551,2230800
2011-11-25,48.209999,48.980000,48.200001,48.750000,37.247562,1201900
2011-11-28,48.810001,49.110001,48.459999,48.619999,37.148243,3104900
2011-11-29,48.230000,48.520000,48.099998,48.340000,37.263870,2417600
2011-11-30,48.779999,49.259998,48.639999,49.160000,37.895977,2755900
2011-12-01,49.029999,49.369999,48.869999,48.980000,37.757233,2927000
2011-12-02,49.090000,49.320000,48.919998,49.119999,37.865147,2038800
2011-12-05,49.430000,50.070000,49.320000,49.950001,38.504974,2877500
2011-12-06,50.080002,50.150002,49.750000,49.790001,38.381626,1808800
2011-12-07,49.810001,50.000000,49.400002,49.830002,38.412472,1333100
2011-12-08,49.720001,49.799999,49.220001,49.310001,38.011627,1753100
2011-12-09,49.450001,49.980000,49.439999,49.810001,38.397041,1189300
2011-12-12,49.770000,49.820000,48.910000,49.110001,37.857449,1995000
2011-12-13,49.110001,49.360001,48.549999,48.720001,37.556797,1937800
2011-12-14,48.740002,48.990002,48.630001,48.689999,37.533680,1653800
2011-12-15,48.889999,49.200001,48.689999,48.759998,37.587631,1978000
2011-12-16,49.000000,49.119999,48.470001,48.770000,37.595341,2740200
2011-12-19,48.930000,49.200001,48.639999,48.730000,37.564507,1396100
2011-12-20,48.830002,49.369999,48.709999,49.330002,38.027039,1339900
2011-12-21,49.290001,50.119999,49.290001,50.000000,38.543518,1519800
2011-12-22,49.919998,49.980000,49.439999,49.910000,38.474140,1360700
2011-12-23,49.860001,50.580002,49.860001,50.340000,38.805603,1069300
2011-12-27,50.299999,50.880001,50.299999,50.750000,39.121658,1731700
2011-12-28,50.869999,50.900002,50.639999,50.680000,39.067696,941600
2011-12-29,50.619999,50.919998,50.590000,50.860001,39.206455,1083600
2011-12-30,50.549999,50.889999,50.520000,50.570000,38.982910,835600
2012-01-03,50.970001,51.119999,50.430000,50.459999,38.898117,1251800
2012-01-04,50.509998,50.610001,50.230000,50.410000,38.859570,1085600
2012-01-05,50.310001,50.740002,50.270000,50.470001,38.905823,1623100
2012-01-06,50.730000,50.770000,50.320000,50.509998,38.936657,3649300
2012-01-09,50.709999,50.759998,50.299999,50.709999,39.090828,1283900
2012-01-10,50.959999,51.410000,50.900002,51.400002,39.622723,2480100
2012-01-11,51.299999,51.630001,51.169998,51.560001,39.746078,1700500
2012-01-12,51.590000,51.849998,51.290001,51.439999,39.653568,1356500
2012-01-13,51.360001,51.430000,50.759998,50.810001,39.167915,2625000
2012-01-17,51.099998,51.279999,50.840000,50.889999,39.229588,1318500
2012-01-18,50.919998,51.340000,50.730000,51.160000,39.437717,1297900
2012-01-19,51.369999,51.369999,51.009998,51.189999,39.460850,1656200
2012-01-20,51.220001,51.230000,50.660000,51.070000,39.368351,1524100
2012-01-23,51.040001,51.070000,50.430000,51.000000,39.314392,2006800
2012-01-24,50.720001,50.900002,50.419998,50.500000,38.928951,1772300
2012-01-25,50.400002,51.000000,50.369999,50.910000,39.245014,2793200
2012-01-26,50.880001,50.980000,49.950001,49.990002,38.535809,3118400
2012-01-27,49.950001,50.250000,49.639999,49.730000,38.335369,2401100
2012-01-30,49.080002,49.790001,49.070000,49.470001,38.134956,3237400
2012-01-31,49.529999,49.700001,49.290001,49.520000,38.173504,2267300
2012-02-01,49.599998,50.049999,49.270000,49.310001,38.011627,3335100
2012-02-02,50.959999,51.330002,50.009998,50.590000,38.998337,6337100
2012-02-03,50.900002,51.150002,50.720001,50.840000,39.191051,1940800
2012-02-06,50.650002,50.849998,50.529999,50.680000,39.067696,1392100
2012-02-07,50.750000,50.900002,50.400002,50.820000,39.175629,2059400
2012-02-08,50.919998,51.020000,50.310001,50.340000,38.805603,2371400
2012-02-09,50.330002,50.430000,49.959999,50.209999,38.705399,1781400
2012-02-10,50.000000,50.110001,49.669998,49.810001,38.397041,1542800
2012-02-13,50.070000,50.150002,49.970001,50.020000,38.558937,1101700
2012-02-14,49.860001,50.389999,49.820000,50.299999,38.774776,2249200
2012-02-15,52.740002,53.349998,51.930000,52.869999,40.755920,7994200
2012-02-16,52.730000,52.939999,52.400002,52.560001,40.516945,3577700
2012-02-17,52.750000,52.750000,51.860001,52.529999,40.493828,4272800
2012-02-21,52.490002,52.490002,51.860001,51.959999,40.054409,2106000
2012-02-22,51.919998,52.570000,51.840000,52.529999,40.493828,3261900
2012-02-23,53.060001,53.450001,53.029999,53.099998,40.933220,3486800
2012-02-24,53.169998,53.349998,52.669998,52.750000,40.663414,1657000
2012-02-27,52.700001,53.000000,52.439999,52.900002,40.779034,2443700
2012-02-28,52.619999,52.730000,52.240002,52.330002,40.670242,1882200
2012-02-29,52.540001,52.599998,52.279999,52.349998,40.685776,3040300
2012-03-01,52.450001,52.639999,52.169998,52.259998,40.615822,1937300
2012-03-02,52.220001,52.430000,52.000000,52.110001,40.499245,1791000
2012-03-05,52.110001,52.240002,51.930000,52.090000,40.483707,1402500
2012-03-06,51.930000,52.119999,51.740002,51.840000,40.289410,2198500
2012-03-07,51.810001,51.959999,51.639999,51.930000,40.359356,1306500
2012-03-08,51.930000,52.439999,51.830002,52.419998,40.740189,1443200
2012-03-09,52.320000,52.470001,52.209999,52.439999,40.755722,1008700
2012-03-12,52.480000,53.060001,52.419998,52.830002,41.058823,1872700
2012-03-13,52.810001,52.919998,52.529999,52.900002,41.113228,1029700
2012-03-14,52.770000,53.009998,52.400002,52.480000,40.786808,1294800
2012-03-15,52.540001,52.930000,52.259998,52.919998,41.128780,1661400
2012-03-16,52.869999,53.000000,52.459999,52.619999,40.895618,1970500
2012-03-19,52.490002,52.810001,52.349998,52.599998,40.880070,1590800
2012-03-20,52.439999,52.759998,52.439999,52.680000,40.942245,996300
2012-03-21,52.669998,52.700001,52.270000,52.480000,40.786808,911400
2012-03-22,52.380001,52.570000,52.220001,52.549999,40.841213,914200
2012-03-23,52.529999,52.650002,52.389999,52.410000,40.732407,1620200
2012-03-26,52.700001,53.189999,52.639999,52.830002,41.058823,1519000
2012-03-27,52.869999,53.259998,52.799999,53.110001,41.276440,1360600
2012-03-28,53.169998,53.310001,53.060001,53.310001,41.431870,1432900
2012-03-29,53.279999,53.500000,53.040001,53.389999,41.494045,1675900
2012-03-30,53.509998,53.860001,53.450001,53.630001,41.680576,1505100
2012-04-02,53.439999,53.750000,53.189999,53.740002,41.766064,1363900
2012-04-03,53.790001,53.790001,53.160000,53.380001,41.486279,2233800
2012-04-04,53.209999,53.450001,53.160000,53.310001,41.431870,1349800
2012-04-05,53.259998,53.279999,52.799999,53.180000,41.330849,1314200
2012-04-09,52.770000,53.000000,52.689999,52.889999,41.105465,807900
2012-04-10,52.849998,52.980000,52.750000,52.930000,41.136551,1721600
2012-04-11,53.150002,53.560001,52.970001,53.009998,41.198715,2350000
2012-04-12,53.020000,53.220001,52.880001,53.200001,41.346386,1337500
2012-04-13,53.060001,53.580002,53.060001,53.240002,41.377476,1302600
2012-04-16,53.209999,53.669998,53.150002,53.500000,41.579536,1215100
2012-04-17,53.619999,53.990002,53.419998,53.779999,41.797153,1069200
2012-04-18,53.720001,53.770000,53.410000,53.580002,41.641720,1080400
2012-04-19,53.500000,54.060001,53.470001,53.799999,41.812695,1639000
2012-04-20,53.840000,54.200001,53.830002,53.990002,41.960354,1517200
2012-04-23,51.660000,52.040001,50.660000,50.700001,39.403416,8269400
2012-04-24,50.680000,50.939999,50.299999,50.430000,39.193573,4177300
2012-04-25,50.599998,50.849998,50.310001,50.490002,39.240215,3199700
2012-04-26,50.660000,51.200001,50.080002,50.310001,39.100319,3371900
2012-04-27,50.389999,50.520000,50.049999,50.349998,39.131397,3450100
2012-04-30,50.360001,50.610001,50.270000,50.570000,39.302387,2063600
2012-05-01,50.570000,50.650002,50.000000,50.000000,38.859379,2621600
2012-05-02,50.040001,50.570000,49.950001,50.549999,39.286835,3183800
2012-05-03,50.580002,50.919998,50.330002,50.750000,39.442272,2659600
2012-05-04,50.700001,50.910000,50.389999,50.389999,39.162495,1766400
2012-05-07,50.389999,50.599998,50.320000,50.520000,39.263531,2080200
2012-05-08,50.439999,50.759998,50.200001,50.750000,39.442272,2142500
2012-05-09,50.509998,50.990002,50.410000,50.759998,39.450054,1787100
2012-05-10,50.799999,51.060001,50.730000,50.930000,39.582172,1171800
2012-05-11,50.750000,51.160000,50.689999,50.990002,39.628807,1556900
2012-05-14,50.740002,51.060001,50.599998,50.959999,39.605492,1247300
2012-05-15,51.000000,51.070000,50.689999,50.980000,39.621021,1787300
2012-05-16,50.959999,51.029999,50.700001,50.930000,39.582172,2038000
2012-05-17,50.990002,51.060001,50.709999,50.709999,39.411186,1796300
2012-05-18,50.840000,50.860001,50.160000,50.369999,39.146938,2050300
2012-05-21,50.459999,50.459999,50.040001,50.369999,39.146938,1369000
2012-05-22,50.540001,50.720001,50.299999,50.400002,39.170258,1298900
2012-05-23,50.259998,50.480000,49.900002,50.099998,38.937099,1400000
2012-05-24,50.110001,50.360001,49.860001,50.200001,39.014824,1669500
2012-05-25,50.200001,50.349998,50.009998,50.270000,39.069233,1334000
2012-05-29,50.540001,50.700001,50.419998,50.480000,39.232430,1415100
2012-05-30,50.029999,50.320000,49.360001,49.360001,38.691563,2198500
2012-05-31,49.439999,49.500000,48.779999,48.779999,38.236923,3006800
2012-06-01,48.500000,48.750000,48.200001,48.220001,37.797962,2667100
2012-06-04,48.220001,48.349998,48.000000,48.259998,37.829311,1467900
2012-06-05,48.009998,48.459999,47.880001,48.220001,37.797962,1988000
2012-06-06,48.340000,48.500000,48.070000,48.369999,37.915539,1669100
2012-06-07,48.599998,48.650002,48.389999,48.400002,37.939060,1394500
2012-06-08,48.369999,48.630001,48.330002,48.630001,38.119350,1660500
2012-06-11,48.919998,48.919998,48.480000,48.520000,38.033112,1334800
2012-06-12,48.549999,48.590000,48.259998,48.389999,37.931217,1601500
2012-06-13,48.330002,48.570000,48.250000,48.380001,37.923382,1114900
2012-06-14,48.439999,49.139999,48.430000,49.130001,38.511276,2036700
2012-06-15,49.139999,49.349998,49.060001,49.250000,38.605343,1536800
2012-06-18,49.230000,49.650002,49.220001,49.400002,38.722916,1049700
2012-06-19,49.639999,49.759998,49.340000,49.599998,38.879692,1121100
2012-06-20,49.509998,49.660000,49.119999,49.439999,38.754276,1269400
2012-06-21,49.689999,49.689999,48.790001,48.810001,38.260437,1368800
2012-06-22,48.880001,49.070000,48.650002,48.970001,38.385864,1437200
2012-06-25,48.759998,48.950001,48.590000,48.730000,38.197727,1107400
2012-06-26,48.680000,48.730000,48.169998,48.439999,37.970417,1348300
2012-06-27,48.419998,48.740002,48.380001,48.700001,38.174210,1165500
2012-06-28,48.580002,48.889999,48.439999,48.889999,38.323147,1787300
2012-06-29,49.279999,49.450001,49.150002,49.330002,38.668045,2040000
2012-07-02,49.160000,49.520000,48.980000,49.450001,38.762119,1610100
2012-07-03,49.500000,49.560001,49.299999,49.540001,38.832680,862300
2012-07-05,49.549999,49.750000,49.270000,49.490002,38.793472,1618800
2012-07-06,49.310001,49.500000,49.009998,49.119999,38.503441,1211300
2012-07-09,49.119999,49.200001,48.590000,48.650002,38.135017,1268700
2012-07-10,48.689999,49.230000,48.689999,48.980000,38.393703,2098800
2012-07-11,49.000000,49.889999,48.970001,49.480000,38.785629,2145300
2012-07-12,49.340000,49.470001,48.970001,49.130001,38.511276,925400
2012-07-13,49.209999,49.720001,49.189999,49.500000,38.801304,1180800
2012-07-16,49.400002,49.490002,48.279999,48.349998,37.899860,2833900
2012-07-17,48.459999,48.509998,47.959999,48.380001,37.923382,2151900
2012-07-18,48.400002,48.450001,48.000000,48.060001,37.672546,1987800
2012-07-19,48.099998,48.279999,47.919998,48.070000,37.680378,2112400
2012-07-20,47.910000,48.060001,47.529999,47.639999,37.343319,2520500
2012-07-23,47.459999,47.580002,47.009998,47.150002,36.959221,1985200
2012-07-24,47.139999,47.200001,46.330002,46.529999,36.473232,3863700
2012-07-25,46.549999,46.840000,46.419998,46.509998,36.457554,2542500
2012-07-26,46.980000,47.389999,46.610001,46.610001,36.535946,2911200
2012-07-27,46.779999,47.380001,46.750000,47.189999,36.990570,3367000
2012-07-30,47.450001,47.709999,46.939999,47.400002,37.155190,2599200
2012-07-31,47.389999,47.840000,47.259998,47.700001,37.390347,1999500
2012-08-01,47.770000,48.040001,47.509998,47.810001,37.476585,2490800
2012-08-02,48.049999,49.980000,48.049999,49.439999,38.754276,4721900
2012-08-03,49.860001,50.549999,49.849998,50.349998,39.467587,4113100
2012-08-06,50.270000,50.709999,50.040001,50.070000,39.248100,2146500
2012-08-07,50.200001,50.439999,50.029999,50.250000,39.389206,1615400
2012-08-08,50.270000,50.750000,50.189999,50.660000,39.710590,1860500
2012-08-09,50.619999,50.799999,50.480000,50.750000,39.781139,1992400
2012-08-10,50.590000,51.000000,50.500000,50.980000,39.961422,1565000
2012-08-13,50.970001,51.029999,50.660000,50.700001,39.741943,2446500
2012-08-14,50.849998,50.950001,50.520000,50.810001,39.828175,1744200
2012-08-15,50.770000,51.000000,50.669998,50.970001,39.953587,893800
2012-08-16,50.849998,51.160000,50.730000,51.110001,40.063335,2136900
2012-08-17,51.209999,51.330002,51.040001,51.099998,40.055492,2188500
2012-08-20,51.119999,51.470001,51.119999,51.380001,40.274971,1542000
2012-08-21,51.500000,51.700001,51.349998,51.389999,40.282818,1770000
2012-08-22,51.240002,51.410000,50.950001,51.070000,40.031982,1602000
2012-08-23,51.130001,51.259998,50.950001,51.160000,40.102531,2039000
2012-08-24,51.160000,51.509998,51.020000,51.480000,40.353363,1354000
2012-08-27,51.630001,51.770000,51.490002,51.650002,40.486610,1133200
2012-08-28,51.520000,51.910000,51.520000,51.660000,40.494461,1470800
2012-08-29,51.750000,51.900002,51.330002,51.419998,40.306332,1513200
2012-08-30,50.939999,50.950001,50.540001,50.560001,39.974262,2114800
2012-08-31,50.779999,51.000000,50.490002,50.650002,40.045422,1654100
2012-09-04,50.810001,51.000000,50.619999,50.650002,40.045422,1474100
2012-09-05,50.599998,50.799999,50.189999,50.189999,39.681725,1310000
2012-09-06,50.250000,50.470001,50.130001,50.400002,39.847763,2244100
2012-09-07,50.340000,50.509998,50.230000,50.389999,39.839859,1921500
2012-09-10,50.070000,50.360001,49.919998,50.270000,39.744976,1814800
2012-09-11,50.389999,50.430000,50.160000,50.430000,39.871483,1250900
2012-09-12,50.490002,50.590000,50.189999,50.369999,39.824043,978000
2012-09-13,50.220001,50.939999,50.029999,50.820000,40.179817,1912200
2012-09-14,50.750000,50.770000,49.930000,50.189999,39.681725,2874000
2012-09-17,50.209999,50.509998,50.209999,50.470001,39.903107,1363700
2012-09-18,50.529999,50.529999,50.250000,50.299999,39.768700,1289800
2012-09-19,50.430000,51.150002,50.400002,50.939999,40.274715,2071700
2012-09-20,50.910000,51.450001,50.910000,51.270000,40.535606,2286700
2012-09-21,51.330002,51.520000,51.160000,51.450001,40.677933,2803800
2012-09-24,51.480000,51.810001,51.279999,51.730000,40.899300,2109500
2012-09-25,52.000000,52.150002,51.799999,51.860001,41.002079,2996500
2012-09-26,51.910000,52.150002,51.619999,51.700001,40.875587,1497300
2012-09-27,51.700001,51.810001,51.450001,51.650002,40.836044,1371000
2012-09-28,51.500000,51.689999,51.250000,51.660000,40.843964,1635000
2012-10-01,51.490002,52.259998,51.450001,51.930000,41.057419,2140000
2012-10-02,52.080002,52.299999,51.650002,51.900002,41.033718,1354000
2012-10-03,52.029999,52.040001,51.630001,51.810001,40.962547,1017300
2012-10-04,51.820000,52.000000,51.730000,51.880001,41.017891,735900
2012-10-05,52.150002,52.250000,51.820000,51.950001,41.073250,1144700
2012-10-08,51.869999,51.950001,51.639999,51.880001,41.017891,707100
2012-10-09,51.919998,51.990002,51.500000,51.580002,40.780704,913400
2012-10-10,51.730000,51.880001,51.270000,51.430000,40.662113,1024800
2012-10-11,51.759998,51.900002,51.590000,51.599998,40.796516,888000
2012-10-12,51.759998,52.009998,51.580002,51.730000,40.899300,979900
2012-10-15,51.790001,51.799999,51.520000,51.700001,40.875587,1078000
2012-10-16,51.810001,52.169998,51.799999,52.070000,41.168121,1353800
2012-10-17,52.150002,52.860001,52.150002,52.849998,41.784809,1653300
2012-10-18,52.810001,52.830002,52.360001,52.500000,41.508080,1737200
2012-10-19,52.500000,52.590000,51.869999,52.090000,41.183926,1504200
2012-10-22,52.029999,52.180000,51.660000,52.009998,41.120682,883000
2012-10-23,51.750000,51.799999,51.360001,51.650002,40.836044,720800
2012-10-24,52.020000,52.180000,51.730000,51.820000,40.970459,1402400
2012-10-25,52.049999,52.700001,52.049999,52.560001,41.555534,1727100
2012-10-26,52.630001,53.060001,52.099998,52.900002,41.824341,2257000
2012-10-31,52.910000,53.000000,52.230000,52.320000,41.365772,3860000
2012-11-01,52.720001,53.619999,52.160000,53.500000,42.298714,2670400
2012-11-02,53.560001,54.099998,53.459999,53.689999,42.448933,3710000
2012-11-05,53.570000,53.990002,53.110001,53.990002,42.686123,3497000
2012-11-06,53.980000,54.790001,53.740002,54.759998,43.294907,3281100
2012-11-07,54.349998,54.480000,53.619999,54.160000,42.820526,3157500
2012-11-08,52.250000,54.150002,52.220001,53.669998,42.433117,3823100
2012-11-09,53.560001,53.980000,53.389999,53.480000,42.282902,2717000
2012-11-12,53.500000,53.750000,53.240002,53.669998,42.433117,1321800
2012-11-13,53.560001,54.150002,53.560001,53.820000,42.551712,1938000
2012-11-14,53.820000,54.189999,53.529999,53.680000,42.441025,1861900
2012-11-15,53.599998,53.980000,53.349998,53.889999,42.607059,1931100
2012-11-16,54.080002,54.169998,53.720001,54.169998,42.828434,2264700
2012-11-19,54.349998,54.750000,54.099998,54.740002,43.279102,1982100
2012-11-20,54.660000,54.900002,54.490002,54.820000,43.342350,1734100
2012-11-21,54.810001,55.139999,54.689999,55.049999,43.524189,1763300
2012-11-23,55.230000,55.340000,55.099998,55.259998,43.690231,893000
2012-11-26,55.279999,55.450001,55.139999,55.389999,43.793003,2427200
2012-11-27,55.389999,55.880001,55.240002,55.450001,43.840450,2185700
2012-11-28,55.389999,55.830002,55.340000,55.779999,44.101349,4212600
2012-11-29,55.320000,55.700001,55.139999,55.599998,44.308552,1630800
2012-11-30,55.549999,55.700001,55.270000,55.459999,44.196980,2378800
2012-12-03,55.570000,55.590000,55.060001,55.259998,44.037605,1595500
2012-12-04,55.049999,55.250000,54.529999,55.230000,44.013691,1780300
2012-12-05,55.209999,55.860001,55.189999,55.650002,44.348396,1881700
2012-12-06,55.610001,55.750000,55.500000,55.740002,44.420124,1339700
2012-12-07,55.740002,55.980000,55.490002,55.970001,44.603409,1355700
2012-12-10,55.939999,56.500000,55.849998,56.130001,44.730915,1642100
2012-12-11,56.150002,56.700001,56.049999,56.660000,45.153282,1732000
2012-12-12,56.750000,57.209999,56.540001,56.599998,45.105473,1856000
2012-12-13,56.669998,56.840000,56.450001,56.750000,45.225002,1077900
2012-12-14,56.529999,57.099998,56.430000,56.720001,45.201103,1950300
2012-12-17,56.750000,57.000000,56.720001,56.860001,45.312664,1485100
2012-12-18,56.980000,56.980000,56.290001,56.599998,45.105473,2944100
2012-12-19,56.799999,56.810001,56.110001,56.150002,44.746849,1332200
2012-12-20,56.200001,56.680000,56.130001,56.590000,45.097488,1311900
2012-12-21,56.529999,56.580002,55.869999,56.180000,44.770763,2213100
2012-12-24,56.259998,56.259998,55.869999,56.139999,44.738892,488200
2012-12-26,56.070000,56.209999,55.669998,55.770000,44.444027,1101400
2012-12-27,55.770000,55.919998,55.400002,55.740002,44.420124,938500
2012-12-28,55.590000,55.820000,55.279999,55.330002,44.093388,829900
2012-12-31,55.169998,55.880001,55.020000,55.849998,44.507782,1300000
2013-01-02,56.330002,56.910000,56.250000,56.910000,45.352512,1563300
2013-01-03,56.939999,56.939999,56.290001,56.520000,45.041714,1556900
2013-01-04,56.500000,56.680000,56.250000,56.639999,45.137344,1764400
2013-01-07,56.660000,56.820000,56.369999,56.660000,45.153282,1079700
2013-01-08,56.580002,56.860001,56.220001,56.849998,45.304707,1530300
2013-01-09,56.939999,57.150002,56.779999,56.990002,45.416271,1132600
2013-01-10,57.090000,57.310001,56.910000,57.310001,45.671276,1119600
2013-01-11,57.400002,57.400002,56.919998,57.020000,45.440166,927900
2013-01-14,57.160000,57.540001,57.130001,57.380001,45.727062,1209700
2013-01-15,57.209999,57.240002,57.020000,57.119999,45.519867,1066000
2013-01-16,56.320000,57.119999,56.040001,57.029999,45.448132,1939800
2013-01-17,57.270000,58.000000,57.180000,57.759998,46.029896,1273500
2013-01-18,57.700001,58.230000,57.480000,58.209999,46.388504,1396200
2013-01-22,58.049999,58.349998,57.900002,58.189999,46.372562,1992200
2013-01-23,58.040001,58.330002,57.799999,58.169998,46.356625,1798000
2013-01-24,58.250000,58.750000,58.119999,58.590000,46.691319,1587500
2013-01-25,58.599998,58.840000,58.240002,58.840000,46.890568,1211100
2013-01-28,58.720001,58.830002,58.320000,58.410000,46.547886,827300
2013-01-29,58.459999,58.880001,58.299999,58.820000,46.874615,856200
2013-01-30,58.790001,58.900002,58.580002,58.709999,46.786964,777900
2013-01-31,58.650002,58.849998,58.290001,58.500000,46.619617,1042800
2013-02-01,58.849998,59.000000,58.560001,58.650002,46.739151,2151600
2013-02-04,58.410000,58.490002,58.000000,58.099998,46.300846,2585100
2013-02-05,58.849998,59.380001,58.459999,58.500000,46.619617,3053100
2013-02-06,58.610001,59.000000,58.599998,58.990002,47.010098,2485200
2013-02-07,58.779999,59.040001,58.509998,59.000000,47.018074,1877200
2013-02-08,58.930000,59.349998,58.759998,58.910000,46.946354,1669300
2013-02-11,58.980000,59.259998,58.950001,59.119999,47.113701,1145100
2013-02-12,59.150002,59.330002,59.000000,59.250000,47.217300,1183700
2013-02-13,59.340000,59.360001,59.070000,59.290001,47.249176,1210400
2013-02-14,59.360001,59.959999,59.290001,59.580002,47.480282,2860900
2013-02-15,59.750000,59.869999,59.430000,59.770000,47.631691,1599700
2013-02-19,59.630001,60.299999,59.480000,60.139999,47.926559,2172400
2013-02-20,59.990002,60.209999,59.150002,59.770000,47.631691,1783300
2013-02-21,59.630001,59.740002,59.220001,59.669998,47.551991,2287500
2013-02-22,59.700001,60.009998,59.500000,60.009998,47.822960,1676300
2013-02-25,60.060001,60.250000,59.029999,59.029999,47.041969,1338600
2013-02-26,59.290001,59.980000,59.220001,59.950001,47.775131,1797400
2013-02-27,60.000000,60.540001,59.820000,60.490002,48.205471,2228200
2013-02-28,60.180000,60.790001,59.959999,60.500000,48.566711,2466600
2013-03-01,60.310001,60.619999,60.049999,60.580002,48.630939,1462600
2013-03-04,60.470001,61.049999,60.450001,61.049999,49.008228,1118200
2013-03-05,61.099998,61.740002,61.009998,61.419998,49.305244,1748400
2013-03-06,61.410000,61.500000,61.110001,61.419998,49.305244,2002600
2013-03-07,61.330002,61.750000,61.270000,61.470001,49.345383,1371200
2013-03-08,61.689999,61.930000,61.340000,61.520000,49.385521,1159800
2013-03-11,61.500000,61.669998,61.389999,61.630001,49.473835,1137800
2013-03-12,61.520000,61.770000,61.410000,61.730000,49.554100,1245200
2013-03-13,61.660000,62.000000,61.450001,62.000000,49.770847,1580300
2013-03-14,61.950001,62.410000,61.830002,62.230000,49.955486,1327100
2013-03-15,62.029999,62.439999,61.880001,62.200001,49.931408,2187600
2013-03-18,61.980000,62.540001,61.700001,62.279999,49.995617,1204600
2013-03-19,62.400002,62.529999,62.040001,62.470001,50.148140,1190200
2013-03-20,62.709999,63.299999,62.490002,63.250000,50.774292,2175900
2013-03-21,62.990002,63.310001,62.610001,62.689999,50.324749,1345400
2013-03-22,62.830002,63.500000,62.790001,63.389999,50.886684,1283300
2013-03-25,63.500000,63.900002,63.259998,63.360001,50.862587,1251400
2013-03-26,63.500000,64.019997,63.349998,64.000000,51.376358,1329300
2013-03-27,63.810001,64.750000,63.790001,64.599998,51.858009,1632900
2013-03-28,64.680000,64.690002,64.260002,64.430000,51.721542,1694800
2013-04-01,64.089996,64.239998,63.709999,63.930000,51.320164,1503200
2013-04-02,64.110001,64.680000,64.080002,64.290001,51.609158,1721700
2013-04-03,64.400002,64.449997,63.240002,63.430000,50.918785,2057600
2013-04-04,63.630001,64.120003,63.500000,64.010002,51.384380,1177700
2013-04-05,63.650002,63.790001,63.410000,63.639999,51.087372,1265500
2013-04-08,63.570000,63.970001,63.189999,63.970001,51.352276,838300
2013-04-09,63.970001,64.220001,63.549999,63.869999,51.272007,1108800
2013-04-10,64.040001,64.760002,63.869999,64.620003,51.874062,1480300
2013-04-11,64.709999,64.910004,64.139999,64.279999,51.601131,1371200
2013-04-12,63.970001,64.809998,63.730000,64.699997,51.938286,1590300
2013-04-15,64.500000,64.709999,63.700001,63.700001,51.135529,1534500
2013-04-16,64.029999,64.980003,63.610001,64.940002,52.130947,1243600
2013-04-17,64.760002,65.269997,64.330002,64.599998,51.858009,1724700
2013-04-18,64.669998,65.000000,64.620003,64.900002,52.098843,1182000
2013-04-19,65.139999,66.250000,65.019997,66.099998,53.062153,1958800
2013-04-22,65.959999,66.370003,65.610001,66.190002,53.134377,1030000
2013-04-23,66.250000,66.839996,66.120003,66.510002,53.391285,1973300
2013-04-24,66.430000,66.680000,65.389999,65.430000,52.524296,1764000
2013-04-25,65.540001,65.949997,65.500000,65.800003,52.821316,1699000
2013-04-26,65.800003,65.940002,65.470001,65.699997,52.741039,1044900
2013-04-29,65.769997,65.879997,65.150002,65.480003,52.564434,1716500
2013-04-30,65.459999,65.470001,64.860001,65.040001,52.211220,2425200
2013-05-01,64.820000,65.279999,64.500000,64.610001,51.866039,1728800
2013-05-02,64.970001,65.730003,62.580002,63.419998,50.910767,3708800
2013-05-03,63.720001,63.869999,62.939999,63.660000,51.103420,3599400
2013-05-06,63.709999,63.799999,63.009998,63.439999,50.926823,2209600
2013-05-07,63.570000,64.120003,63.380001,63.900002,51.296089,2225100
2013-05-08,63.930000,64.379997,63.770000,64.220001,51.552967,1800000
2013-05-09,64.269997,64.349998,63.709999,63.910000,51.304104,1356600
2013-05-10,63.930000,64.379997,63.860001,64.290001,51.609158,1887300
2013-05-13,64.220001,64.599998,63.889999,64.419998,51.713512,1141900
2013-05-14,64.440002,65.320000,64.419998,65.279999,52.403889,1646200
2013-05-15,65.010002,65.940002,64.959999,65.900002,52.901600,1663300
2013-05-16,65.750000,66.480003,65.660004,65.820000,52.837372,1541700
2013-05-17,65.870003,66.019997,65.059998,65.660004,52.708950,1567200
2013-05-20,65.529999,65.660004,64.820000,64.879997,52.082787,1191100
2013-05-21,64.879997,65.500000,64.610001,65.430000,52.524296,1724300
2013-05-22,65.349998,65.699997,64.660004,65.099998,52.259384,3077200
2013-05-23,64.540001,65.019997,64.309998,64.690002,51.930248,2811900
2013-05-24,64.580002,64.599998,63.869999,64.449997,51.737602,1615300
2013-05-28,65.029999,65.330002,64.599998,64.720001,51.954346,1569100
2013-05-29,64.639999,64.720001,63.310001,63.610001,51.063282,1554700
2013-05-30,63.340000,63.599998,62.950001,62.950001,50.885448,1675800
2013-05-31,62.939999,62.990002,62.049999,62.049999,50.157925,2290600
2013-06-03,61.970001,62.650002,61.029999,62.630001,50.626781,2488200
2013-06-04,62.619999,63.279999,62.439999,63.049999,50.966282,1834800
2013-06-05,62.880001,62.880001,61.779999,61.790001,49.947773,1690300
2013-06-06,61.669998,62.040001,61.439999,62.040001,50.149853,2497500
2013-06-07,62.410000,63.419998,62.320000,63.389999,51.241123,2353400
2013-06-10,63.389999,63.450001,62.630001,63.070000,50.982452,1218100
2013-06-11,62.650002,63.540001,62.139999,63.000000,50.925869,1666000
2013-06-12,63.259998,63.299999,62.779999,62.840000,50.796532,1333900
2013-06-13,62.980000,64.239998,62.529999,64.230003,51.920135,2215200
2013-06-14,64.320000,65.110001,64.110001,64.239998,51.928219,1800900
2013-06-17,64.580002,65.120003,64.370003,64.680000,52.283886,1598100
2013-06-18,64.570000,65.000000,64.180000,64.919998,52.477886,1276500
2013-06-19,64.839996,65.010002,63.810001,63.869999,51.629124,1623600
2013-06-20,63.459999,63.660000,62.560001,62.570000,50.578278,2470100
2013-06-21,63.139999,63.450001,62.650002,63.250000,51.127949,2938600
2013-06-24,63.139999,63.939999,62.669998,63.259998,51.136036,1901200
2013-06-25,63.500000,63.980000,63.000000,63.180000,51.071365,1634600
2013-06-26,63.669998,64.050003,63.430000,63.520000,51.346195,1647300
2013-06-27,64.070000,64.779999,64.010002,64.419998,52.073723,1533400
2013-06-28,64.360001,64.980003,64.230003,64.230003,51.920135,2418300
2013-07-01,64.029999,65.330002,64.029999,64.889999,52.453636,1566000
2013-07-02,64.739998,65.480003,64.540001,65.110001,52.631474,1861200
2013-07-03,65.300003,65.300003,64.629997,65.059998,52.591068,774000
2013-07-05,65.220001,65.449997,64.620003,65.339996,52.817387,892500
2013-07-08,65.580002,65.940002,65.180000,65.730003,53.132656,1341100
2013-07-09,66.000000,66.500000,65.790001,65.919998,53.286236,1049800
2013-07-10,65.860001,66.169998,65.629997,65.970001,53.326668,1664300
2013-07-11,66.709999,66.760002,66.349998,66.529999,53.779335,1565900
2013-07-12,66.529999,66.680000,66.180000,66.500000,53.755081,1373300
2013-07-15,66.379997,66.699997,66.250000,66.519997,53.771252,1154100
2013-07-16,66.300003,66.610001,66.099998,66.309998,53.601490,937800
2013-07-17,66.349998,66.500000,66.050003,66.180000,53.496399,1202300
2013-07-18,66.279999,66.800003,66.220001,66.639999,53.868240,809600
2013-07-19,66.900002,67.339996,66.680000,67.320000,54.417923,1442800
2013-07-22,67.209999,67.980003,67.059998,67.459999,54.531086,1552900
2013-07-23,67.529999,67.660004,67.010002,67.230003,54.345173,1154500
2013-07-24,67.250000,67.360001,66.690002,66.870003,54.054161,796200
2013-07-25,66.750000,67.169998,66.610001,66.970001,54.135010,1122100
2013-07-26,66.629997,67.089996,66.209999,66.980003,54.143078,1057000
2013-07-29,66.750000,67.269997,66.510002,66.889999,54.070332,1033400
2013-07-30,67.059998,67.430000,66.440002,66.449997,53.714657,1707000
2013-07-31,66.639999,66.830002,66.120003,66.239998,53.544910,2210000
2013-08-01,65.940002,66.110001,65.050003,65.419998,52.882061,3969600
2013-08-02,65.540001,65.559998,64.260002,65.230003,52.728481,2846700
2013-08-05,65.230003,65.449997,64.860001,65.180000,52.688065,1384300
2013-08-06,65.239998,65.900002,64.980003,65.800003,53.189240,2279800
2013-08-07,65.680000,65.769997,65.230003,65.529999,52.970985,1864700
2013-08-08,65.680000,65.860001,65.430000,65.660004,53.076080,1257500
2013-08-09,65.699997,65.820000,65.500000,65.680000,53.092232,1496400
2013-08-12,65.599998,65.790001,65.470001,65.730003,53.132656,1369200
2013-08-13,65.839996,66.239998,65.540001,65.900002,53.270084,1755800
2013-08-14,65.940002,65.949997,65.419998,65.419998,52.882061,2098400
2013-08-15,65.050003,65.070000,64.150002,64.459999,52.106041,1994400
2013-08-16,64.099998,64.250000,62.840000,62.950001,50.885448,3245900
2013-08-19,62.919998,63.160000,62.689999,62.799999,50.764202,1479300
2013-08-20,62.840000,63.299999,62.599998,62.610001,50.610611,1971200
2013-08-21,62.680000,62.680000,61.919998,62.040001,50.149853,1925600
2013-08-22,62.080002,62.549999,61.930000,62.419998,50.457020,1383400
2013-08-23,62.630001,62.869999,62.459999,62.730000,50.707607,1100900
2013-08-26,62.770000,62.770000,61.669998,61.700001,49.875015,1494100
2013-08-27,61.330002,61.959999,61.240002,61.630001,49.818432,1521900
2013-08-28,61.509998,61.619999,61.070000,61.080002,49.373840,1583100
2013-08-29,60.759998,60.959999,60.279999,60.590000,49.349403,1410300
2013-08-30,60.639999,60.900002,60.480000,60.709999,49.447140,1246200
2013-09-03,61.240002,61.360001,60.400002,60.750000,49.479717,1627900
2013-09-04,60.720001,60.820000,60.450001,60.790001,49.512302,1507100
2013-09-05,60.660000,60.810001,60.330002,60.419998,49.210938,1455600
2013-09-06,60.580002,60.790001,60.139999,60.230000,49.056194,1294100
2013-09-09,60.400002,60.500000,60.070000,60.259998,49.080624,1839400
2013-09-10,60.500000,60.619999,59.340000,59.459999,48.429039,2622900
2013-09-11,59.480000,60.189999,59.470001,60.080002,48.934013,2829900
2013-09-12,60.060001,60.270000,59.840000,60.119999,48.966599,1426600
2013-09-13,60.290001,60.689999,60.119999,60.639999,49.390129,1144000
2013-09-16,61.080002,61.340000,60.840000,60.980000,49.667049,1308600
2013-09-17,60.450001,60.669998,60.110001,60.639999,49.390129,2221500
2013-09-18,60.570000,61.430000,60.290001,61.209999,49.854393,2243200
2013-09-19,61.169998,61.270000,60.520000,61.080002,49.748493,2646900
2013-09-20,61.080002,61.080002,60.480000,60.570000,49.333115,2196300
2013-09-23,60.389999,60.560001,60.020000,60.240002,49.064339,1131000
2013-09-24,60.150002,60.180000,59.669998,59.959999,48.836288,1558200
2013-09-25,59.980000,60.160000,59.810001,59.880001,48.771126,1778800
2013-09-26,59.880001,60.090000,59.630001,59.849998,48.746693,1675700
2013-09-27,59.700001,59.730000,58.590000,59.020000,48.070675,2125000
2013-09-30,58.790001,59.070000,58.590000,58.730000,47.834465,1765000
2013-10-01,58.520000,58.810001,58.340000,58.750000,47.850758,2176600
2013-10-02,58.580002,58.910000,58.009998,58.889999,47.964787,1721800
2013-10-03,58.779999,59.180000,58.560001,58.889999,47.964787,1804900
2013-10-04,58.889999,59.430000,58.660000,59.360001,48.347607,1348600
2013-10-07,59.029999,59.779999,59.020000,59.520000,48.477917,1444900
2013-10-08,59.500000,60.029999,59.139999,59.599998,48.543060,2683200
2013-10-09,59.759998,59.900002,58.990002,59.610001,48.551208,2536600
2013-10-10,60.049999,60.660000,59.840000,60.660000,49.406429,1075300
2013-10-11,60.669998,60.790001,60.369999,60.759998,49.487865,931400
2013-10-14,60.400002,60.490002,60.049999,60.290001,49.105064,1195000
2013-10-15,60.279999,60.450001,59.919998,59.990002,48.860718,1005400
2013-10-16,60.340000,61.080002,60.180000,60.669998,49.414555,2181500
2013-10-17,60.520000,61.000000,60.400002,60.959999,49.650768,1374900
2013-10-18,61.049999,61.599998,61.020000,61.450001,50.049862,2213000
2013-10-21,60.500000,61.110001,60.250000,61.049999,49.724052,1639200
2013-10-22,61.130001,62.060001,60.980000,61.889999,50.408234,1415400
2013-10-23,61.820000,62.500000,61.750000,62.320000,50.758461,1506300
2013-10-24,62.480000,62.480000,61.810001,62.130001,50.603714,1142600
2013-10-25,62.020000,62.430000,61.779999,62.430000,50.848057,1108500
2013-10-28,62.419998,63.630001,62.330002,63.450001,51.678814,2928400
2013-10-29,63.610001,64.400002,63.509998,64.279999,52.354843,2444600
2013-10-30,64.160004,64.279999,63.660000,63.790001,51.955738,1959700
2013-10-31,63.740002,63.840000,63.180000,63.250000,51.515930,1911700
2013-11-01,63.160000,63.290001,62.150002,62.290001,50.734016,3515300
2013-11-04,63.509998,64.919998,62.470001,62.720001,51.084255,6389400
2013-11-05,62.169998,63.279999,61.820000,63.090000,51.385609,2350000
2013-11-06,63.160000,63.580002,62.950001,63.349998,51.597374,1683700
2013-11-07,63.349998,63.500000,62.040001,62.080002,50.562988,1495400
2013-11-08,61.919998,62.189999,61.270000,62.189999,50.652573,1460600
2013-11-11,62.349998,62.560001,61.700001,61.939999,50.448956,900300
2013-11-12,61.930000,62.049999,61.580002,62.049999,50.538540,1175400
2013-11-13,61.639999,62.480000,61.459999,62.470001,50.880630,1558900
2013-11-14,62.730000,63.320000,62.540001,63.299999,51.556644,1659700
2013-11-15,63.000000,63.099998,62.330002,62.610001,50.994663,1665500
2013-11-18,62.860001,62.860001,62.000000,62.369999,50.799171,1233200
2013-11-19,62.139999,62.250000,61.669998,61.709999,50.261620,1850500
2013-11-20,61.639999,61.950001,61.029999,61.139999,49.797379,1792300
2013-11-21,61.450001,61.990002,61.279999,61.740002,50.286060,4853800
2013-11-22,61.830002,62.509998,61.549999,62.470001,50.880630,5072500
2013-11-25,62.709999,62.750000,62.009998,62.130001,50.603714,1173400
2013-11-26,62.009998,62.169998,61.380001,61.730000,50.277916,2366700
2013-11-27,61.340000,61.520000,60.860001,60.880001,49.957882,1632700
2013-11-29,60.930000,61.000000,60.590000,60.639999,49.760941,1071000
2013-12-02,60.639999,60.880001,60.230000,60.590000,49.719913,1912000
2013-12-03,60.419998,61.259998,60.419998,61.130001,50.163033,2826700
2013-12-04,60.910000,61.160000,60.630001,60.900002,49.974293,1596000
2013-12-05,60.810001,60.889999,60.500000,60.580002,49.711708,1161600
2013-12-06,60.990002,61.709999,60.980000,61.639999,50.581532,1530400
2013-12-09,61.709999,62.310001,61.709999,61.939999,50.827717,1722800
2013-12-10,61.759998,61.880001,60.970001,61.090000,50.130199,1398500
2013-12-11,61.250000,61.520000,60.970001,61.040001,50.089172,2012100
2013-12-12,61.119999,61.200001,60.590000,60.639999,49.760941,1620400
2013-12-13,60.849998,60.869999,60.259998,60.500000,49.646049,1308000
2013-12-16,60.830002,60.950001,60.259998,60.430000,49.588615,1426100
2013-12-17,60.500000,60.529999,59.900002,60.340000,49.514751,1328300
2013-12-18,59.919998,60.570000,59.580002,60.529999,49.670673,2530300
2013-12-19,60.439999,60.689999,60.040001,60.599998,49.728111,1412700
2013-12-20,60.590000,61.130001,60.430000,60.520000,49.662468,1848800
2013-12-23,60.180000,60.470001,59.869999,60.340000,49.514751,1766500
2013-12-24,60.430000,60.520000,60.200001,60.250000,49.440910,771500
2013-12-26,60.430000,60.830002,60.279999,60.720001,49.826584,944300
2013-12-27,60.720001,61.180000,60.689999,60.980000,50.039940,1026400
2013-12-30,60.970001,61.389999,60.959999,61.259998,50.269711,1593100
2013-12-31,61.279999,61.580002,60.919998,61.070000,50.113785,1526300
2014-01-02,60.980000,61.240002,60.549999,60.810001,49.900440,1830500
2014-01-03,60.990002,61.080002,60.540001,60.580002,49.711708,1413700
2014-01-06,60.790001,60.790001,59.880001,60.250000,49.440910,1989200
2014-01-07,60.619999,60.980000,60.380001,60.799999,49.892235,1762000
2014-01-08,60.770000,60.770000,60.029999,60.180000,49.383469,2058700
2014-01-09,60.220001,60.470001,59.840000,60.279999,49.465519,1525800
2014-01-10,60.389999,60.840000,60.389999,60.779999,49.875816,1046600
2014-01-13,60.650002,61.259998,60.380001,60.430000,49.588615,1732500
2014-01-14,60.549999,61.220001,60.509998,60.889999,49.966080,1845600
2014-01-15,61.020000,61.360001,60.580002,61.099998,50.138409,1447000
2014-01-16,60.849998,61.299999,60.770000,61.290001,50.294327,1522100
2014-01-17,61.270000,61.270000,60.380001,60.470001,49.621452,2113500
2014-01-21,60.959999,61.110001,60.560001,60.759998,49.859417,1143400
2014-01-22,60.759998,61.110001,60.270000,61.009998,50.064556,1519300
2014-01-23,60.779999,60.830002,60.250000,60.500000,49.646049,1026100
2014-01-24,60.360001,60.580002,59.830002,59.830002,49.096256,1939500
2014-01-27,59.830002,60.250000,59.750000,59.860001,49.120876,1399800
2014-01-28,59.990002,60.389999,59.720001,60.029999,49.260368,1909700
2014-01-29,59.880001,59.880001,58.119999,58.369999,47.898182,3133200
2014-01-30,58.689999,58.849998,57.939999,58.130001,47.701244,2840800
2014-01-31,57.650002,58.389999,57.509998,57.980000,47.578156,2376800
2014-02-03,58.009998,58.150002,56.810001,56.900002,46.691906,2548100
2014-02-04,57.110001,57.430000,56.880001,57.259998,46.987324,2468900
2014-02-05,57.200001,57.750000,57.000000,57.369999,47.077591,3137000
2014-02-06,57.000000,57.820000,55.689999,57.740002,47.381214,6284700
2014-02-07,58.000000,58.570000,57.750000,58.360001,47.889977,3129700
2014-02-10,58.360001,59.349998,58.340000,59.330002,48.685959,3306600
2014-02-11,58.849998,59.919998,58.849998,59.869999,49.129086,3487900
2014-02-12,59.770000,60.110001,59.189999,59.410000,48.751614,2793200
2014-02-13,59.230000,59.509998,59.099998,59.480000,48.809048,2656900
2014-02-14,59.709999,60.259998,59.549999,60.189999,49.391670,1629100
2014-02-18,60.189999,60.279999,59.720001,60.119999,49.334229,1359900
2014-02-19,60.160000,60.270000,59.639999,59.730000,49.014179,2415700
2014-02-20,59.619999,60.330002,59.439999,60.240002,49.432697,1787800
2014-02-21,60.139999,60.430000,59.930000,59.950001,49.194721,1293500
2014-02-24,60.490002,60.930000,60.139999,60.709999,49.818382,2025900
2014-02-25,60.770000,61.259998,60.660000,60.820000,49.908642,2653500
2014-02-26,60.869999,61.110001,60.310001,60.330002,49.506565,2113900
2014-02-27,60.130001,60.400002,59.790001,60.160000,49.367050,2152600
2014-02-28,60.259998,60.980000,60.160000,60.689999,49.801964,1872600
2014-03-03,60.340000,60.759998,60.099998,60.669998,49.785553,2009200
2014-03-04,60.540001,61.330002,60.509998,61.259998,50.653759,2508100
2014-03-05,61.279999,61.450001,60.919998,61.279999,50.670300,2132300
2014-03-06,61.290001,61.490002,61.070000,61.430000,50.794338,2137500
2014-03-07,61.470001,61.599998,61.209999,61.599998,50.934895,1629500
2014-03-10,61.599998,61.779999,61.299999,61.680000,51.001053,1331100
2014-03-11,61.650002,61.939999,61.529999,61.700001,51.017586,1437300
2014-03-12,61.500000,62.110001,61.369999,62.070000,51.323532,1365800
2014-03-13,62.189999,62.250000,61.730000,61.980000,51.249104,1563200
2014-03-14,61.590000,61.779999,60.860001,60.900002,50.356091,2356500
2014-03-17,61.259998,61.480000,60.820000,60.849998,50.314743,1799100
2014-03-18,61.070000,62.009998,60.900002,61.849998,51.141605,2682400
2014-03-19,61.849998,62.320000,61.580002,61.730000,51.042385,3380900
2014-03-20,61.639999,62.000000,61.520000,61.880001,51.166420,1268800
2014-03-21,62.330002,62.430000,61.560001,61.580002,50.918365,1747100
2014-03-24,61.680000,61.930000,61.380001,61.400002,50.769527,1109500
2014-03-25,61.709999,61.990002,61.090000,61.630001,50.959709,1063400
2014-03-26,62.090000,62.090000,61.599998,61.689999,51.009312,856000
2014-03-27,61.910000,62.029999,61.669998,61.759998,51.067196,885600
2014-03-28,62.000000,62.250000,61.849998,62.130001,51.373142,925000
2014-03-31,62.360001,62.750000,62.180000,62.709999,51.852722,1377800
2014-04-01,62.470001,62.759998,62.310001,62.619999,51.778301,1555500
2014-04-02,62.490002,62.810001,62.439999,62.650002,51.803112,1240700
2014-04-03,62.860001,66.769997,62.720001,66.389999,54.895584,8017100
2014-04-04,65.930000,66.699997,63.590000,63.770000,52.729195,6775800
2014-04-07,63.790001,65.820000,63.680000,65.059998,53.795849,3712300
2014-04-08,65.339996,65.449997,63.970001,64.360001,53.217041,2692300
2014-04-09,65.190002,66.120003,65.099998,66.099998,54.655800,4040900
2014-04-10,66.000000,66.519997,65.320000,65.610001,54.250622,2855400
2014-04-11,65.419998,66.150002,65.190002,65.680000,54.308502,2078300
2014-04-14,66.019997,66.019997,65.250000,65.540001,54.192749,2167200
2014-04-15,65.629997,65.760002,64.930000,65.209999,53.919880,1904200
2014-04-16,65.500000,66.019997,65.459999,65.980003,54.556572,3209700
2014-04-17,65.900002,66.379997,65.889999,66.339996,54.854252,1859400
2014-04-21,66.000000,66.220001,65.529999,65.980003,54.556572,1631500
2014-04-22,65.989998,66.379997,65.680000,66.279999,54.804626,2401800
2014-04-23,66.209999,66.650002,66.209999,66.540001,55.019604,2017800
2014-04-24,66.379997,66.570000,65.879997,66.529999,55.011345,1198400
2014-04-25,66.290001,66.750000,66.120003,66.709999,55.160179,1231600
2014-04-28,66.919998,67.489998,66.779999,67.290001,55.639767,1743800
2014-04-29,67.029999,67.489998,66.940002,67.019997,55.416504,1553300
2014-04-30,66.680000,67.029999,66.260002,66.830002,55.259407,2940100
2014-05-01,66.940002,67.239998,65.019997,65.370003,54.052181,3984900
2014-05-02,65.370003,65.620003,64.910004,65.599998,54.242359,3002700
2014-05-05,65.500000,65.540001,64.800003,65.050003,53.787590,2209600
2014-05-06,65.239998,65.720001,65.110001,65.339996,54.027374,2645000
2014-05-07,65.540001,66.150002,65.489998,66.070000,54.630981,2340000
2014-05-08,65.989998,66.260002,65.809998,66.029999,54.597919,1170100
2014-05-09,66.260002,67.220001,65.959999,67.209999,55.573612,2325500
2014-05-12,67.410004,68.800003,67.360001,68.419998,56.574127,4235900
2014-05-13,68.150002,68.360001,67.669998,68.110001,56.317799,3030800
2014-05-14,68.099998,68.099998,67.540001,67.580002,55.879543,1066600
2014-05-15,68.169998,68.419998,67.080002,67.230003,55.590137,1449800
2014-05-16,66.989998,67.570000,66.980003,67.540001,55.846478,1690400
2014-05-19,67.360001,67.629997,67.000000,67.599998,55.896095,1570700
2014-05-20,67.550003,67.879997,67.050003,67.790001,56.053192,1907100
2014-05-21,67.919998,67.919998,67.239998,67.790001,56.053192,1056500
2014-05-22,67.639999,67.750000,67.320000,67.650002,55.937428,755100
2014-05-23,67.849998,67.849998,67.300003,67.559998,55.863003,799900
2014-05-27,67.980003,68.199997,67.709999,67.980003,56.210312,1506000
2014-05-28,68.000000,68.180000,67.820000,68.019997,56.243378,1066000
2014-05-29,67.669998,68.870003,67.540001,68.730003,57.217400,1851200
2014-05-30,68.769997,69.000000,68.279999,68.980003,57.425503,2160700
2014-06-02,69.000000,69.370003,69.000000,69.120003,57.542068,1778100
2014-06-03,68.779999,69.110001,68.669998,69.080002,57.508778,2798400
2014-06-04,68.959999,69.400002,68.940002,69.389999,57.766827,1428200
2014-06-05,69.500000,69.500000,68.769997,68.839996,57.308964,1250300
2014-06-06,68.769997,68.970001,68.430000,68.910004,57.367252,1459900
2014-06-09,68.599998,68.889999,68.019997,68.120003,56.709568,1599700
2014-06-10,67.889999,68.449997,67.889999,68.059998,56.659626,1398300
2014-06-11,68.059998,68.320000,67.389999,67.610001,56.284996,1471800
2014-06-12,67.739998,68.000000,67.059998,67.230003,55.968647,1116800
2014-06-13,67.169998,67.389999,66.870003,67.209999,55.952011,1083900
2014-06-16,67.339996,67.540001,67.089996,67.440002,56.143467,1115400
2014-06-17,67.449997,67.570000,66.629997,66.699997,55.527435,1792400
2014-06-18,66.290001,66.870003,65.720001,66.839996,55.643978,2872400
2014-06-19,66.970001,67.290001,66.720001,66.930000,55.718895,1156000
2014-06-20,67.080002,67.430000,66.940002,67.239998,55.976986,2401900
2014-06-23,67.169998,67.190002,66.089996,66.430000,55.302658,1746000
2014-06-24,66.400002,66.400002,65.849998,65.870003,54.836468,1088800
2014-06-25,65.480003,65.480003,64.500000,64.900002,54.028938,2201700
2014-06-26,64.989998,65.099998,64.470001,64.820000,53.962341,1751500
2014-06-27,64.779999,65.010002,64.589996,64.959999,54.078880,1340600
2014-06-30,65.199997,65.730003,64.830002,65.699997,54.694939,2392200
2014-07-01,65.480003,65.980003,65.139999,65.860001,54.828144,2132500
2014-07-02,65.800003,66.169998,65.760002,66.050003,54.986305,1300800
2014-07-03,66.370003,66.730003,66.190002,66.410004,55.285999,1236700
2014-07-07,66.339996,66.470001,65.739998,65.860001,54.828144,1798500
2014-07-08,65.889999,66.309998,65.709999,66.059998,54.994629,1779900
2014-07-09,66.169998,66.459999,65.849998,66.099998,55.027943,1415100
2014-07-10,65.610001,65.989998,65.580002,65.879997,54.844788,1201900
2014-07-11,65.900002,66.050003,65.529999,65.949997,54.903046,1069600
2014-07-14,66.279999,66.449997,66.000000,66.199997,55.111183,1011900
2014-07-15,65.330002,65.720001,65.139999,65.559998,54.578384,3098400
2014-07-16,65.750000,66.019997,65.449997,66.019997,54.961330,1290300
2014-07-17,65.949997,66.160004,65.709999,65.910004,54.869759,1487300
2014-07-18,66.040001,66.349998,65.790001,66.169998,55.086205,1365200
2014-07-21,65.790001,66.230003,65.769997,66.099998,55.027943,940300
2014-07-22,66.150002,66.500000,66.059998,66.269997,55.169453,1081300
2014-07-23,66.389999,66.430000,65.360001,65.440002,54.478485,1399300
2014-07-24,65.580002,65.830002,65.470001,65.680000,54.678284,885600
2014-07-25,65.580002,65.709999,65.190002,65.370003,54.420219,725300
2014-07-28,65.419998,65.559998,65.120003,65.440002,54.478485,1192300
2014-07-29,65.639999,65.730003,64.889999,64.889999,54.020611,1119200
2014-07-30,65.190002,65.279999,63.439999,63.730000,53.054924,2557700
2014-07-31,62.990002,63.099998,59.779999,59.830002,49.808186,8993800
2014-08-01,59.660000,61.740002,59.650002,61.439999,51.148514,5133900
2014-08-04,61.480000,62.070000,61.200001,62.060001,51.664650,2614100
2014-08-05,61.680000,61.990002,61.290001,61.400002,51.115208,1653300
2014-08-06,61.270000,62.959999,61.270000,62.779999,52.264057,4225900
2014-08-07,62.910000,63.110001,61.970001,62.380001,51.931057,1768000
2014-08-08,62.349998,63.279999,61.860001,63.240002,52.647007,1606200
2014-08-11,63.290001,64.110001,63.270000,63.810001,53.121521,1879100
2014-08-12,63.450001,63.639999,63.110001,63.450001,52.821823,1407400
2014-08-13,63.610001,64.000000,63.450001,63.980000,53.263039,1289200
2014-08-14,64.000000,64.050003,63.709999,64.000000,53.279694,1079200
2014-08-15,64.070000,64.470001,64.000000,64.279999,53.512798,2040000
2014-08-18,64.449997,64.540001,64.160004,64.300003,53.529442,1433800
2014-08-19,64.349998,64.820000,64.279999,64.470001,53.670963,987900
2014-08-20,64.370003,65.190002,63.970001,64.820000,53.962341,1797600
2014-08-21,64.959999,65.230003,64.860001,64.879997,54.012291,913600
2014-08-22,65.029999,65.089996,64.230003,64.300003,53.529442,1647400
2014-08-25,64.720001,65.070000,64.639999,64.849998,53.987309,1185200
2014-08-26,64.900002,65.379997,64.660004,64.750000,53.904068,1592100
2014-08-27,64.739998,65.300003,64.580002,65.279999,54.345287,1593400
2014-08-28,64.400002,64.900002,64.260002,64.750000,54.311737,1351700
2014-08-29,64.730003,65.150002,64.599998,64.970001,54.496269,1188900
2014-09-02,64.930000,65.290001,64.680000,64.790001,54.345284,1369100
2014-09-03,65.029999,65.279999,64.769997,64.790001,54.345284,1197200
2014-09-04,64.830002,65.379997,64.760002,64.930000,54.462723,1517400
2014-09-05,64.779999,65.209999,64.510002,65.199997,54.689194,898200
2014-09-08,64.930000,65.150002,64.360001,64.440002,54.051720,1322000
2014-09-09,64.419998,64.680000,64.110001,64.320000,53.951057,1420000
2014-09-10,64.320000,64.459999,64.010002,64.440002,54.051720,1363100
2014-09-11,64.220001,64.779999,64.160004,64.690002,54.261410,1041800
2014-09-12,64.550003,64.699997,63.830002,63.889999,53.590374,1996800
2014-09-15,64.000000,64.040001,63.580002,63.730000,53.456173,1731600
2014-09-16,63.549999,64.269997,63.529999,63.869999,53.573589,2104500
2014-09-17,63.160000,63.540001,62.529999,62.799999,52.676098,3065800
2014-09-18,63.060001,63.070000,62.480000,62.889999,52.751591,2021500
2014-09-19,63.119999,63.270000,62.630001,62.660000,52.558655,2513700
2014-09-22,62.660000,62.779999,62.259998,62.290001,52.248314,1479700
2014-09-23,62.220001,62.400002,61.610001,61.619999,51.686314,1566400
2014-09-24,61.700001,62.439999,61.700001,62.349998,52.298641,1549300
2014-09-25,62.029999,62.220001,61.529999,61.680000,51.736641,1260900
2014-09-26,61.700001,61.900002,61.330002,61.750000,51.795353,943200
2014-09-29,61.380001,61.919998,61.320000,61.810001,51.845684,1363000
2014-09-30,60.849998,61.889999,60.540001,61.599998,51.669540,3193000
2014-10-01,60.500000,61.060001,60.430000,60.650002,50.872688,2274800
2014-10-02,60.810001,60.930000,60.110001,60.720001,50.931400,2003100
2014-10-03,61.000000,61.529999,60.880001,61.189999,51.325630,1488200
2014-10-06,61.439999,61.580002,60.790001,60.950001,51.124332,1399400
2014-10-07,60.750000,61.090000,60.169998,60.180000,50.478443,1632400
2014-10-08,60.180000,61.169998,60.130001,61.119999,51.266918,1810100
2014-10-09,61.099998,61.520000,60.430000,60.669998,50.889469,2005900
2014-10-10,60.799999,61.250000,60.270000,60.299999,50.579113,2106000
2014-10-13,60.330002,60.590000,59.700001,59.700001,50.075840,1853500
2014-10-14,59.959999,60.750000,59.840000,60.189999,50.486847,1106700
2014-10-15,59.599998,60.090000,59.090000,59.910000,50.251980,2376800
2014-10-16,59.099998,60.060001,58.830002,59.750000,50.117764,1698500
2014-10-17,60.169998,61.139999,59.830002,60.919998,51.099171,1836200
2014-10-20,60.450001,61.770000,60.450001,61.759998,51.803753,2130400
2014-10-21,61.779999,61.889999,61.560001,61.700001,51.753414,2436900
2014-10-22,62.340000,62.500000,61.790001,62.040001,52.038616,1447200
2014-10-23,62.410000,62.470001,61.630001,61.740002,51.786972,1549700
2014-10-24,61.799999,62.139999,61.599998,61.939999,51.954731,1507800
2014-10-27,61.939999,62.450001,61.660000,62.099998,52.088940,1975700
2014-10-28,62.419998,62.750000,62.200001,62.750000,52.634163,1512600
2014-10-29,62.599998,62.669998,61.439999,62.470001,52.399292,2793400
2014-10-30,62.270000,64.820000,62.099998,64.040001,53.716194,4149900
2014-10-31,64.500000,64.739998,63.630001,63.959999,53.649090,2069600
2014-11-03,63.639999,64.269997,63.639999,64.099998,53.766518,1528200
2014-11-04,63.930000,64.360001,63.520000,63.700001,53.431004,1668100
2014-11-05,64.300003,64.570000,63.669998,63.840000,53.548439,1231500
2014-11-06,64.000000,64.550003,63.779999,64.529999,54.127205,1553500
2014-11-07,63.730000,63.830002,63.099998,63.660000,53.397453,2308200
2014-11-10,63.570000,63.990002,63.130001,63.900002,53.598766,1719500
2014-11-11,64.000000,64.040001,63.580002,63.750000,53.472954,899200
2014-11-12,63.380001,63.730000,63.150002,63.680000,53.414227,1377400
2014-11-13,63.560001,63.980000,63.560001,63.799999,53.514889,1033000
2014-11-14,63.799999,64.019997,63.639999,63.810001,53.523273,1025500
2014-11-17,63.990002,65.160004,63.910000,65.139999,54.638859,2046500
2014-11-18,65.199997,66.190002,65.110001,65.599998,55.024708,2805000
2014-11-19,65.629997,65.980003,65.379997,65.889999,55.267944,2128800
2014-11-20,65.599998,66.199997,65.459999,65.639999,55.058262,1683500
2014-11-21,66.230003,66.639999,65.290001,65.470001,54.915661,3784900
2014-11-24,65.610001,65.739998,64.980003,65.120003,54.622086,1667600
2014-11-25,65.059998,65.489998,65.000000,65.139999,54.638859,1267500
2014-11-26,64.809998,65.000000,64.699997,64.930000,54.875507,1382300
2014-11-28,65.239998,66.309998,65.239998,66.250000,55.991104,1476400
2014-12-01,65.849998,66.459999,65.800003,66.089996,55.855881,1628900
2014-12-02,66.099998,66.739998,66.070000,66.580002,56.270004,2488700
2014-12-03,66.410004,66.620003,66.040001,66.379997,56.100975,1774800
2014-12-04,66.360001,66.389999,65.779999,66.089996,55.855881,2158200
2014-12-05,65.989998,66.400002,65.889999,66.400002,56.117874,1146700
2014-12-08,66.339996,66.430000,65.870003,66.080002,55.847427,1891400
2014-12-09,65.900002,66.260002,65.550003,65.820000,55.627689,2234900
2014-12-10,65.720001,66.070000,64.739998,64.790001,54.757179,1555700
2014-12-11,65.360001,67.400002,65.059998,67.099998,56.709480,3847300
2014-12-12,66.699997,66.959999,65.599998,65.629997,55.467113,2100700
2014-12-15,65.800003,65.820000,64.019997,64.089996,54.165577,2602600
2014-12-16,64.150002,65.620003,64.010002,64.099998,54.174034,1695200
2014-12-17,64.449997,65.050003,63.669998,64.839996,54.799446,1615400
2014-12-18,65.389999,66.050003,65.389999,66.019997,55.796715,1817800
2014-12-19,66.260002,67.110001,65.940002,66.820000,56.472843,2510100
2014-12-22,66.750000,67.029999,66.480003,66.849998,56.498184,1302300
2014-12-23,66.940002,67.440002,66.750000,67.239998,56.827805,923300
2014-12-24,67.339996,67.349998,67.019997,67.019997,56.641876,376200
2014-12-26,67.080002,67.239998,66.900002,67.010002,56.633415,384500
2014-12-29,66.900002,67.250000,66.559998,66.959999,56.591152,581000
2014-12-30,66.870003,67.050003,66.580002,66.620003,56.303802,460600
2014-12-31,66.309998,66.720001,65.339996,65.440002,55.306538,1266100
2015-01-02,65.629997,66.139999,65.089996,65.480003,55.340336,846800
2015-01-05,65.239998,65.370003,64.139999,64.260002,54.309258,1360200
2015-01-06,64.529999,65.089996,64.209999,64.449997,54.469830,2198100
2015-01-07,65.099998,66.089996,65.070000,66.010002,55.788273,1683400
2015-01-08,66.480003,67.250000,66.370003,67.209999,56.802448,1422800
2015-01-09,67.150002,67.150002,66.339996,66.430000,56.143234,1352000
2015-01-12,65.980003,66.449997,65.360001,65.480003,55.340336,1365100
2015-01-13,65.949997,66.570000,65.419998,65.970001,55.754463,1374200
2015-01-14,65.629997,66.889999,65.279999,66.730003,56.396774,2631200
2015-01-15,67.019997,68.290001,66.750000,67.739998,57.250374,2287000
2015-01-16,67.519997,68.300003,67.500000,68.120003,57.571526,2242600
2015-01-20,68.169998,69.010002,67.790001,68.970001,58.289906,2512900
2015-01-21,68.709999,69.150002,68.279999,69.029999,58.340614,5279500
2015-01-22,69.190002,69.889999,68.959999,69.839996,59.025185,2258500
2015-01-23,69.440002,69.459999,68.620003,68.680000,58.044807,2104800
2015-01-26,69.080002,69.080002,68.190002,68.879997,58.213848,1431500
2015-01-27,68.290001,68.860001,68.059998,68.430000,57.833530,1346300
2015-01-28,68.629997,68.860001,67.290001,67.379997,56.946125,1712700
2015-01-29,67.279999,67.449997,66.290001,67.339996,56.912323,1896100
2015-01-30,67.059998,67.150002,65.489998,65.580002,55.424866,2828800
2015-02-02,65.650002,66.500000,65.010002,66.470001,56.177040,1388900
2015-02-03,66.730003,66.970001,66.269997,66.650002,56.329155,1458200
2015-02-04,66.559998,67.320000,66.389999,66.639999,56.320702,1520300
2015-02-05,67.099998,67.180000,66.660004,67.029999,56.650326,1306500
2015-02-06,66.739998,66.849998,65.980003,66.250000,55.991104,1806100
2015-02-09,66.059998,66.489998,65.699997,65.800003,55.610786,1526100
2015-02-10,66.150002,66.529999,65.900002,66.309998,56.041805,1442900
2015-02-11,66.410004,66.779999,65.980003,66.300003,56.033360,1272700
2015-02-12,62.869999,64.300003,62.490002,63.299999,53.497913,5481700
2015-02-13,62.599998,63.299999,61.820000,63.200001,53.413399,4007500
2015-02-17,62.840000,63.389999,62.330002,63.209999,53.421848,2788800
2015-02-18,62.860001,63.980000,62.779999,63.790001,53.912033,2179300
2015-02-19,63.660000,64.169998,63.560001,63.790001,53.912033,2395300
2015-02-20,63.740002,64.389999,63.500000,64.089996,54.165577,1550300
2015-02-23,63.930000,64.400002,63.750000,64.290001,54.334610,1851800
2015-02-24,63.970001,64.239998,63.470001,64.029999,54.114883,1879900
2015-02-25,64.029999,64.980003,63.910000,64.779999,54.748726,2253300
2015-02-26,64.750000,64.940002,64.529999,64.669998,54.655762,2219200
2015-02-27,64.519997,65.029999,64.459999,64.480003,54.495201,2067500
2015-03-02,64.370003,64.709999,64.150002,64.290001,54.334610,1274100
2015-03-03,64.040001,64.820000,63.680000,64.760002,54.731838,2825800
2015-03-04,64.449997,64.900002,64.269997,64.720001,55.115051,5147300
2015-03-05,64.720001,64.930000,63.810001,64.050003,54.544483,2686800
2015-03-06,63.639999,63.770000,62.259998,62.470001,53.198959,2811100
2015-03-09,62.549999,62.869999,62.380001,62.599998,53.309669,1617000
2015-03-10,62.330002,62.770000,61.950001,62.610001,53.318192,2485100
2015-03-11,62.599998,62.619999,61.770000,61.970001,52.773163,1824600
2015-03-12,61.980000,62.389999,61.980000,62.310001,53.062717,1582500
2015-03-13,62.169998,62.349998,61.709999,62.150002,52.926468,1461000
2015-03-16,62.310001,62.849998,62.130001,62.840000,53.514053,2043800
2015-03-17,62.330002,62.529999,62.000000,62.250000,53.011620,1787100
2015-03-18,62.200001,63.200001,61.529999,63.060001,53.701401,2169500
2015-03-19,62.799999,63.259998,62.619999,62.810001,53.488514,1956500
2015-03-20,62.980000,64.080002,62.980000,64.080002,54.570034,4427200
2015-03-23,63.919998,64.279999,63.779999,63.950001,54.459312,1594200
2015-03-24,64.000000,64.099998,62.930000,62.939999,53.599213,1764000
2015-03-25,63.529999,63.980000,62.630001,63.150002,53.778057,5476600
2015-03-26,63.450001,63.520000,62.459999,63.000000,53.650311,2513600
2015-03-27,63.110001,63.869999,63.000000,63.840000,54.365650,1859700
2015-03-30,63.900002,65.500000,63.660000,65.500000,55.779285,3614800
2015-03-31,65.139999,66.379997,65.040001,65.949997,56.162498,3946800
2015-04-01,65.690002,66.250000,64.989998,66.180000,56.358372,3601500
2015-04-02,65.910004,66.639999,65.809998,66.379997,56.528694,2442100
2015-04-06,66.550003,67.000000,66.029999,66.029999,56.230629,3972100
2015-04-07,65.949997,66.180000,65.620003,65.739998,55.983669,1605800
2015-04-08,65.839996,65.839996,65.230003,65.589996,55.855923,1950700
2015-04-09,65.510002,65.650002,65.250000,65.489998,55.770771,1631900
2015-04-10,65.660004,65.980003,65.379997,65.730003,55.975163,1544100
2015-04-13,65.750000,65.839996,65.410004,65.459999,55.745216,967700
2015-04-14,65.430000,65.870003,65.260002,65.580002,55.847427,1692100
2015-04-15,65.699997,66.040001,65.110001,65.169998,55.498257,1387200
2015-04-16,65.099998,65.360001,64.800003,65.050003,55.396080,1251600
2015-04-17,64.620003,64.790001,64.120003,64.389999,54.834023,1496100
2015-04-20,64.839996,65.470001,64.199997,64.559998,54.978794,1624600
2015-04-21,64.620003,64.820000,63.770000,63.860001,54.382675,1753500
2015-04-22,64.040001,64.290001,63.730000,63.980000,54.484867,1156800
2015-04-23,63.860001,64.110001,63.610001,63.849998,54.374157,934500
2015-04-24,64.010002,64.199997,63.619999,63.730000,54.271973,1196900
2015-04-27,63.669998,63.880001,63.290001,63.610001,54.169773,1437800
2015-04-28,63.660000,63.820000,63.340000,63.669998,54.220875,1573900
2015-04-29,63.610001,63.959999,63.299999,63.380001,53.973907,1239900
2015-04-30,63.470001,63.540001,63.029999,63.330002,53.931332,1332300
2015-05-01,63.419998,63.970001,63.389999,63.889999,54.408226,1613900
2015-05-04,63.869999,64.430000,63.849998,64.129997,54.612610,2199100
2015-05-05,64.930000,65.080002,62.590000,63.180000,53.803593,3151900
2015-05-06,63.389999,63.500000,62.459999,63.009998,53.658813,1651400
2015-05-07,63.020000,63.680000,62.950001,63.560001,54.127205,1268100
2015-05-08,64.000000,64.370003,63.570000,63.610001,54.169773,1567600
2015-05-11,63.340000,64.199997,63.340000,63.779999,54.314545,1421600
2015-05-12,63.490002,63.709999,63.200001,63.669998,54.220875,1340400
2015-05-13,63.689999,64.099998,63.490002,63.730000,54.271973,1386500
2015-05-14,64.129997,64.750000,63.900002,64.580002,54.995823,1815100
2015-05-15,64.620003,65.639999,64.540001,65.230003,55.549362,3109300
2015-05-18,65.080002,65.080002,64.500000,64.639999,55.046932,1738500
2015-05-19,64.790001,64.790001,64.080002,64.190002,54.663708,1741200
2015-05-20,64.309998,64.610001,64.209999,64.230003,54.697765,1390400
2015-05-21,64.139999,64.339996,63.790001,63.959999,54.467831,1022400
2015-05-22,63.919998,64.160004,63.660000,63.680000,54.229385,978600
2015-05-26,63.540001,63.660000,62.869999,63.000000,53.650311,1132000
2015-05-27,63.150002,63.299999,62.919998,63.240002,53.854706,1426800
2015-05-28,62.619999,62.840000,62.240002,62.560001,53.691628,1697400
2015-05-29,62.709999,62.889999,62.400002,62.770000,53.871849,1995300
2015-06-01,62.599998,62.990002,62.130001,62.549999,53.683044,1833300
2015-06-02,62.320000,62.450001,62.040001,62.169998,53.356899,2204400
2015-06-03,62.259998,62.389999,61.740002,62.270000,53.442738,3584400
2015-06-04,62.009998,62.450001,61.939999,62.259998,53.434151,3161800
2015-06-05,61.959999,62.110001,61.189999,61.450001,52.738972,1584100
2015-06-08,61.470001,61.660000,61.130001,61.310001,52.618813,1727600
2015-06-09,61.459999,62.099998,61.299999,61.509998,52.790462,1492900
2015-06-10,61.750000,62.180000,61.520000,62.049999,53.253910,1111100
2015-06-11,62.169998,62.419998,62.099998,62.220001,53.399822,1293300
2015-06-12,61.919998,62.160000,61.770000,62.130001,53.322582,1027100
2015-06-15,61.880001,62.119999,61.669998,61.689999,52.944954,1484500
2015-06-16,61.799999,62.529999,61.669998,62.470001,53.614376,1056800
2015-06-17,62.400002,62.939999,62.169998,62.820000,53.914764,1660100
2015-06-18,62.759998,63.430000,62.680000,63.099998,54.155071,1381100
2015-06-19,63.090000,63.880001,63.060001,63.340000,54.361050,1958400
2015-06-22,63.529999,63.849998,63.259998,63.400002,54.412560,805800
2015-06-23,63.380001,63.590000,63.110001,63.470001,54.472626,1666000
2015-06-24,63.230000,63.740002,63.169998,63.410000,54.421135,1193400
2015-06-25,63.380001,63.639999,62.750000,62.869999,53.957680,1229400
2015-06-26,62.990002,63.209999,62.610001,63.049999,54.112167,4073300
2015-06-29,62.700001,63.130001,62.570000,62.599998,53.725952,1554800
2015-06-30,62.869999,63.209999,62.400002,62.700001,53.811787,1931600
2015-07-01,62.700001,63.070000,61.990002,63.009998,54.077824,1936900
2015-07-02,63.290001,63.560001,62.939999,63.139999,54.189404,1162500
2015-07-06,62.889999,63.369999,62.470001,62.740002,53.846115,1189800
2015-07-07,62.900002,64.239998,62.680000,64.120003,55.030483,1740700
2015-07-08,63.930000,64.320000,63.660000,63.680000,54.652855,1511500
2015-07-09,64.290001,64.379997,63.590000,63.590000,54.575623,1018100
2015-07-10,63.740002,63.970001,63.560001,63.750000,54.712940,1175600
2015-07-13,64.110001,64.279999,63.910000,64.180000,55.081978,709400
2015-07-14,64.089996,64.220001,63.900002,64.120003,55.030483,645200
2015-07-15,63.680000,64.230003,63.599998,63.680000,54.652855,793400
2015-07-16,63.930000,64.629997,63.930000,64.500000,55.356609,1308100
2015-07-17,64.269997,64.500000,63.860001,64.349998,55.227871,1503500
2015-07-20,64.279999,64.419998,63.959999,64.139999,55.047642,595700
2015-07-21,64.279999,64.279999,63.880001,64.019997,54.944653,671500
2015-07-22,64.029999,64.720001,63.889999,64.389999,55.262211,691200
2015-07-23,64.309998,64.690002,64.029999,64.330002,55.210712,1087700
2015-07-24,64.169998,64.750000,64.029999,64.540001,55.390942,1326400
2015-07-27,64.239998,64.830002,63.980000,64.680000,55.511097,1437500
2015-07-28,64.949997,65.150002,64.379997,65.050003,55.828659,1121700
2015-07-29,65.089996,65.610001,65.040001,65.430000,56.154774,898300
2015-07-30,65.209999,66.239998,65.129997,66.089996,56.721218,1141500
2015-07-31,66.459999,66.459999,65.849998,66.169998,56.789879,1246000
2015-08-03,65.930000,66.400002,65.449997,66.070000,56.704060,1901800
2015-08-04,65.809998,67.970001,65.699997,67.500000,57.931343,2513500
2015-08-05,68.000000,68.900002,67.989998,68.660004,58.926903,2820400
2015-08-06,68.099998,69.209999,67.940002,68.860001,59.098553,2322400
2015-08-07,68.860001,69.070000,68.519997,68.919998,59.150051,1643500
2015-08-10,68.870003,69.389999,68.620003,69.000000,59.218697,1488700
2015-08-11,68.639999,69.239998,68.410004,69.199997,59.390343,1215400
2015-08-12,68.620003,69.070000,67.680000,68.900002,59.132877,2005900
2015-08-13,68.779999,69.199997,68.570000,68.889999,59.124302,1316200
2015-08-14,68.970001,69.849998,68.760002,69.769997,59.879543,1327800
2015-08-17,69.459999,69.830002,69.209999,69.599998,59.733646,2100900
2015-08-18,69.500000,69.839996,69.080002,69.300003,59.476177,1566900
2015-08-19,69.120003,69.540001,68.500000,68.949997,59.175793,2610600
2015-08-20,68.489998,69.309998,68.349998,68.720001,58.978394,1726800
2015-08-21,68.300003,68.550003,67.440002,67.459999,57.897011,2156100
2015-08-24,64.830002,65.739998,63.520000,65.739998,56.420834,4070100
2015-08-25,66.769997,67.000000,65.070000,65.099998,55.871555,3431200
2015-08-26,66.209999,67.120003,65.570000,66.930000,57.442131,2706700
2015-08-27,67.529999,67.879997,66.470001,67.360001,57.811188,2294100
2015-08-28,66.779999,67.080002,66.419998,67.040001,57.966831,1852400
2015-08-31,66.800003,66.959999,66.080002,66.279999,57.309681,2078900
2015-09-01,65.309998,66.529999,65.000000,65.709999,56.816822,3078100
2015-09-02,66.099998,66.769997,65.919998,66.739998,57.707432,1907400
2015-09-03,66.680000,67.580002,66.449997,67.330002,58.217575,1456900
2015-09-04,66.730003,66.910004,66.089996,66.580002,57.569084,1462300
2015-09-08,67.550003,67.650002,66.860001,67.519997,58.381859,1937400
2015-09-09,67.809998,67.980003,66.029999,66.160004,57.205921,1963300
2015-09-10,66.019997,66.760002,65.959999,66.349998,57.370209,1463600
2015-09-11,66.169998,67.010002,65.970001,66.989998,57.923592,1378600
2015-09-14,66.989998,67.000000,66.570000,66.730003,57.698788,985100
2015-09-15,66.639999,67.589996,66.410004,67.459999,58.329983,1412900
2015-09-16,67.449997,68.580002,67.449997,68.389999,59.134117,1776800
2015-09-17,68.370003,69.589996,68.110001,68.870003,59.549164,1709300
2015-09-18,67.730003,68.720001,67.309998,67.449997,58.321316,3295000
2015-09-21,67.839996,68.099998,67.519997,67.660004,58.502914,1617100
2015-09-22,66.930000,67.379997,66.550003,67.029999,57.958183,1737400
2015-09-23,67.059998,67.400002,66.610001,67.290001,58.182991,1050600
2015-09-24,66.970001,67.349998,66.419998,67.209999,58.113815,2610400
2015-09-25,67.690002,69.129997,67.430000,68.220001,58.987133,1494700
2015-09-28,67.699997,68.059998,66.440002,66.510002,57.508556,1987400
2015-09-29,66.500000,66.660004,65.989998,66.449997,57.456669,2561400
2015-09-30,67.000000,67.250000,66.190002,66.550003,57.543152,2533000
2015-10-01,66.260002,66.620003,65.029999,66.239998,57.275093,2916000
2015-10-02,65.879997,67.410004,65.599998,67.410004,58.286747,1854100
2015-10-05,67.809998,68.269997,67.389999,68.059998,58.848785,3953400
2015-10-06,67.980003,68.000000,67.489998,67.550003,58.407806,1822000
2015-10-07,67.760002,68.230003,67.599998,68.220001,58.987133,1770500
2015-10-08,68.169998,69.260002,67.930000,69.239998,59.869083,1415500
2015-10-09,69.190002,70.000000,69.099998,69.440002,60.042019,2273700
2015-10-12,69.389999,69.989998,69.279999,69.830002,60.379230,1253700
2015-10-13,69.470001,69.790001,69.220001,69.360001,59.972836,1330800
2015-10-14,69.230003,69.440002,68.559998,68.650002,59.358929,1004500
2015-10-15,68.970001,69.279999,68.629997,69.199997,59.834476,1325100
2015-10-16,69.489998,69.839996,69.180000,69.790001,60.344646,1045500
2015-10-19,69.730003,70.169998,69.510002,69.610001,60.189007,2084000
2015-10-20,69.639999,69.639999,68.900002,68.970001,59.635624,1565100
2015-10-21,69.120003,69.980003,68.940002,69.610001,60.189007,1397200
2015-10-22,70.000000,72.339996,69.949997,72.010002,62.264187,2546800
2015-10-23,72.040001,72.300003,71.400002,71.699997,61.996124,1979500
2015-10-26,71.760002,71.919998,71.370003,71.550003,61.866444,1645700
2015-10-27,71.290001,71.500000,70.720001,71.040001,61.425453,924300
2015-10-28,71.099998,71.160004,70.260002,70.919998,61.321709,1005900
2015-10-29,70.660004,71.129997,70.169998,70.989998,61.382225,992700
2015-10-30,70.779999,71.180000,70.500000,70.519997,60.975845,1595700
2015-11-02,70.720001,70.860001,70.070000,70.610001,61.053658,2110300
2015-11-03,68.379997,68.970001,67.059998,68.089996,58.874718,4212200
2015-11-04,68.419998,69.190002,68.309998,68.680000,59.384865,2849500
2015-11-05,68.620003,69.440002,68.500000,69.370003,59.981487,1493800
2015-11-06,69.029999,69.029999,67.300003,67.930000,58.736370,1824700
2015-11-09,67.660004,67.760002,66.879997,67.470001,58.338638,1303500
2015-11-10,67.260002,67.699997,67.040001,67.330002,58.217575,1222200
2015-11-11,67.419998,67.980003,67.400002,67.620003,58.468334,1276900
2015-11-12,67.169998,67.459999,66.260002,66.300003,57.326977,1854200
2015-11-13,66.260002,66.699997,65.910004,66.089996,57.145401,1752700
2015-11-16,66.089996,66.949997,66.080002,66.930000,57.871708,1561200
2015-11-17,66.930000,67.320000,64.650002,66.029999,57.093517,3204000
2015-11-18,66.220001,66.470001,65.629997,66.309998,57.335617,2969500
2015-11-19,66.650002,67.070000,66.370003,66.470001,57.473980,1751000
2015-11-20,66.919998,66.949997,66.110001,66.250000,57.283749,2128200
2015-11-23,67.389999,69.190002,67.099998,68.570000,59.289753,5234300
2015-11-24,68.449997,68.870003,67.540001,67.860001,58.675854,3026500
2015-11-25,68.059998,69.529999,68.000000,69.180000,59.817207,2606800
2015-11-27,68.930000,69.449997,68.739998,69.269997,60.331059,1164700
2015-11-30,69.360001,69.449997,68.720001,68.769997,59.895576,3140300
2015-12-01,69.389999,69.989998,69.040001,69.379997,60.426857,2452400
2015-12-02,69.190002,69.589996,68.809998,68.889999,60.000103,2245100
2015-12-03,68.860001,69.529999,68.199997,68.529999,59.686558,2411000
2015-12-04,68.680000,70.379997,68.550003,70.180000,61.123619,2123100
2015-12-07,70.099998,70.900002,69.910004,70.510002,61.411045,1752000
2015-12-08,70.250000,71.010002,69.889999,70.820000,61.681046,1749100
2015-12-09,70.190002,71.199997,70.010002,70.599998,61.489437,1788600
2015-12-10,70.599998,71.389999,70.070000,70.730003,61.602654,1729000
2015-12-11,70.260002,70.559998,69.750000,70.129997,61.080078,1379000
2015-12-14,70.160004,71.180000,70.160004,71.080002,61.907490,2027200
2015-12-15,71.239998,71.739998,70.870003,71.510002,62.281994,2419800
2015-12-16,71.519997,72.070000,70.870003,71.970001,62.682632,2410400
2015-12-17,71.629997,72.260002,70.900002,71.610001,62.369106,2395200
2015-12-18,71.269997,71.360001,70.760002,70.779999,61.646198,2030500
2015-12-21,71.250000,71.389999,70.519997,71.050003,61.881363,1664600
2015-12-22,71.029999,72.500000,70.870003,72.190002,62.874252,1775200
2015-12-23,72.389999,73.199997,72.190002,73.070000,63.640690,1197100
2015-12-24,72.889999,73.129997,72.620003,72.870003,63.466526,374800
2015-12-28,72.830002,73.000000,72.580002,72.870003,63.466526,719500
2015-12-29,73.279999,73.599998,73.239998,73.510002,64.023911,953800
2015-12-30,73.580002,73.680000,73.110001,73.190002,63.745220,657900
2015-12-31,72.790001,72.900002,71.980003,72.269997,62.943928,958900
2016-01-04,71.589996,71.680000,70.860001,71.610001,62.369106,2039800
2016-01-05,72.070000,72.680000,71.540001,71.870003,62.595562,2210500
2016-01-06,71.290001,72.300003,71.150002,72.010002,62.717476,2504000
2016-01-07,71.089996,71.279999,70.260002,70.370003,61.289124,1933200
2016-01-08,71.339996,72.389999,70.379997,71.480003,62.255875,3157400
2016-01-11,71.669998,71.919998,71.029999,71.550003,62.316841,1184200
2016-01-12,71.959999,72.139999,70.680000,71.470001,62.247162,1645500
2016-01-13,71.540001,72.239998,70.870003,70.900002,61.750732,1365600
2016-01-14,70.949997,72.300003,70.779999,71.669998,62.421352,1681000
2016-01-15,70.309998,71.180000,70.290001,70.669998,61.550396,2252300
2016-01-19,71.019997,71.559998,70.809998,71.239998,62.046848,1529900
2016-01-20,70.769997,70.989998,68.730003,70.099998,61.053955,2496600
2016-01-21,70.120003,70.529999,69.070000,69.959999,60.932018,2301500
2016-01-22,70.660004,71.820000,70.279999,71.610001,62.369106,1366200
2016-01-25,71.199997,71.650002,70.440002,70.510002,61.411045,1289300
2016-01-26,70.339996,71.500000,70.099998,71.199997,62.012012,2239600
2016-01-27,71.419998,72.330002,71.139999,71.570000,62.334251,1244800
2016-01-28,72.139999,73.239998,71.720001,72.790001,63.396832,1580100
2016-01-29,73.099998,73.889999,72.750000,73.440002,63.962944,2324900
2016-02-01,73.320000,74.139999,73.040001,73.589996,64.093590,2443800
2016-02-02,73.040001,73.260002,72.269997,72.379997,63.039738,2211000
2016-02-03,72.470001,73.050003,71.519997,72.339996,63.004890,1896700
2016-02-04,72.019997,72.250000,71.400002,71.830002,62.560711,1616200
2016-02-05,72.160004,72.599998,71.570000,71.839996,62.569420,2253000
2016-02-08,71.279999,71.949997,70.739998,71.309998,62.107815,2469600
2016-02-09,70.629997,71.690002,70.330002,71.400002,62.186211,2660300
2016-02-10,71.790001,72.500000,70.559998,70.860001,61.715885,3244700
2016-02-11,72.500000,74.519997,72.230003,73.690002,64.180679,5267100
2016-02-12,74.330002,75.010002,73.699997,74.970001,65.295517,2599400
2016-02-16,74.339996,75.330002,73.830002,75.190002,65.487106,3284700
2016-02-17,75.099998,76.239998,75.010002,75.750000,65.974846,2535500
2016-02-18,75.839996,76.000000,74.809998,75.790001,66.009682,2039400
2016-02-19,75.610001,75.760002,74.989998,75.519997,65.774513,2124700
2016-02-22,75.519997,75.519997,73.400002,73.820000,64.293922,3852900
2016-02-23,73.550003,74.580002,73.540001,74.120003,64.555183,2809500
2016-02-24,73.919998,74.250000,73.529999,73.910004,64.372284,2257000
2016-02-25,74.139999,74.970001,74.040001,74.910004,65.243263,2083400
2016-02-26,74.580002,74.910004,72.900002,73.449997,64.401497,2872200
2016-02-29,73.239998,74.510002,73.070000,74.019997,64.901283,2097600
2016-03-01,74.559998,74.669998,74.000000,74.169998,65.032814,1841600
2016-03-02,73.900002,75.139999,73.110001,75.089996,65.839455,3353000
2016-03-03,74.709999,74.900002,74.160004,74.839996,65.620277,2163000
2016-03-04,74.839996,75.500000,74.510002,75.230003,65.962227,1701300
2016-03-07,74.940002,75.199997,74.639999,74.930000,65.699196,1456600
2016-03-08,74.639999,75.129997,74.500000,74.839996,65.620277,1227600
2016-03-09,75.250000,75.919998,74.980003,75.199997,65.935921,1299100
2016-03-10,75.199997,75.610001,74.860001,75.239998,65.971008,1358500
2016-03-11,75.500000,75.699997,75.099998,75.529999,66.225273,1205800
2016-03-14,75.300003,75.419998,74.720001,74.949997,65.716721,2089700
2016-03-15,74.519997,75.360001,74.220001,75.089996,65.839455,1208000
2016-03-16,75.349998,75.860001,74.500000,75.629997,66.312943,1732200
2016-03-17,75.919998,76.809998,75.699997,76.440002,67.023155,2155500
2016-03-18,76.529999,76.580002,75.839996,76.160004,66.777657,2632200
2016-03-21,75.790001,76.050003,75.389999,75.489998,66.190186,1480900
2016-03-22,75.260002,75.440002,74.099998,74.430000,65.260796,2415900
2016-03-23,74.339996,75.360001,74.199997,75.040001,65.795616,1841200
2016-03-24,74.930000,75.629997,74.680000,75.440002,66.146347,1212000
2016-03-28,75.370003,75.959999,75.330002,75.669998,66.348007,1088100
2016-03-29,75.779999,76.889999,75.629997,76.589996,67.154694,1841500
2016-03-30,76.849998,77.050003,76.500000,76.830002,67.365128,1698900
2016-03-31,76.529999,76.870003,76.389999,76.550003,67.119606,1902300
2016-04-01,75.709999,77.980003,75.529999,77.860001,68.268234,2277400
2016-04-04,77.879997,78.099998,77.000000,78.070000,68.452354,2986200
2016-04-05,77.900002,78.000000,76.650002,76.809998,67.347580,1991700
2016-04-06,78.000000,78.000000,77.269997,77.779999,68.198082,2315900
2016-04-07,77.580002,77.680000,76.900002,77.110001,67.610626,1232600
2016-04-08,77.209999,77.500000,76.809998,77.250000,67.733376,819000
2016-04-11,77.360001,77.830002,76.879997,76.989998,67.505394,1091800
2016-04-12,77.050003,77.529999,77.050003,77.339996,67.812286,912800
2016-04-13,77.500000,77.500000,76.400002,76.669998,67.224831,1685100
2016-04-14,76.690002,77.110001,76.400002,76.459999,67.040688,2205800
2016-04-15,76.510002,77.599998,76.400002,77.550003,67.996429,2237500
2016-04-18,77.550003,77.849998,77.139999,77.669998,68.101646,1399200
2016-04-19,77.690002,77.790001,77.050003,77.599998,68.040253,1541800
2016-04-20,77.540001,77.769997,76.580002,76.709999,67.259895,1373300
2016-04-21,76.750000,76.750000,74.959999,74.989998,65.751785,1862300
2016-04-22,75.070000,75.349998,74.720001,75.279999,66.006058,1210600
2016-04-25,75.150002,76.099998,75.120003,75.800003,66.462029,1312100
2016-04-26,75.910004,76.040001,75.190002,75.320000,66.041153,1767900
2016-04-27,75.559998,76.639999,75.489998,76.389999,66.979317,1397100
2016-04-28,75.919998,76.910004,75.790001,76.480003,67.058250,859500
2016-04-29,76.410004,76.940002,76.059998,76.809998,67.347580,1300500
2016-05-02,77.000000,77.690002,76.800003,77.440002,67.899971,1427300
2016-05-03,77.129997,77.629997,76.650002,76.849998,67.382668,1873200
2016-05-04,76.550003,77.349998,76.529999,77.019997,67.531715,3060200
2016-05-05,75.900002,76.660004,74.879997,75.050003,65.804405,3398600
2016-05-06,74.910004,75.290001,73.699997,75.019997,65.778091,3021200
2016-05-09,75.000000,75.690002,74.709999,75.339996,66.058678,2101700
2016-05-10,75.660004,76.379997,75.599998,76.370003,66.961792,2004300
2016-05-11,76.250000,76.919998,76.070000,76.180000,66.795197,1941000
2016-05-12,76.720001,77.540001,76.620003,77.309998,67.786003,2172300
2016-05-13,77.110001,77.940002,76.949997,77.190002,67.680771,2378600
2016-05-16,77.010002,77.440002,76.779999,77.230003,67.715858,1622600
2016-05-17,76.930000,77.330002,75.139999,75.419998,66.128807,2099800
2016-05-18,75.300003,75.440002,74.050003,75.040001,65.795616,3168900
2016-05-19,74.830002,75.370003,74.540001,75.239998,65.971008,1877300
2016-05-20,75.220001,75.220001,74.110001,74.300003,65.146812,2587400
2016-05-23,74.300003,75.050003,74.260002,74.410004,65.243263,1739200
2016-05-24,74.449997,75.000000,74.239998,74.650002,65.453697,1758700
2016-05-25,74.709999,75.120003,74.500000,74.750000,65.541359,1479100
2016-05-26,74.800003,75.589996,74.790001,75.330002,66.049904,1669600
2016-05-27,74.980003,75.239998,74.190002,74.489998,65.749802,1434600
2016-05-31,74.480003,74.919998,74.010002,74.370003,65.643890,3182300
2016-06-01,74.400002,75.250000,74.349998,74.900002,66.111702,2129500
2016-06-02,74.779999,74.820000,74.260002,74.529999,65.785118,1214100
2016-06-03,74.570000,75.550003,74.570000,75.129997,66.314713,1636200
2016-06-06,75.139999,75.339996,74.330002,74.519997,65.776276,1117400
2016-06-07,74.529999,75.459999,74.400002,75.160004,66.341209,1971500
2016-06-08,75.169998,76.300003,75.080002,76.080002,67.153252,2052000
2016-06-09,76.040001,77.699997,75.959999,77.690002,68.574356,3129700
2016-06-10,77.349998,78.180000,77.279999,78.120003,68.953903,3924100
2016-06-13,78.000000,78.260002,76.800003,76.900002,67.877037,2437900
2016-06-14,76.570000,77.209999,75.809998,76.879997,67.859375,2262900
2016-06-15,76.889999,77.070000,75.820000,76.309998,67.356255,1986100
2016-06-16,76.269997,77.260002,76.099998,77.029999,67.991745,1740500
2016-06-17,76.970001,76.980003,75.949997,76.769997,67.762283,1863600
2016-06-20,77.070000,77.470001,76.820000,76.860001,67.841736,1478300
2016-06-21,77.120003,77.709999,76.959999,77.330002,68.256584,1735400
2016-06-22,77.379997,77.660004,77.180000,77.349998,68.274216,1201600
2016-06-23,77.739998,77.830002,77.160004,77.830002,68.697914,978100
2016-06-24,76.419998,77.830002,76.169998,77.190002,68.133003,2932400
2016-06-27,76.790001,77.269997,76.400002,76.830002,67.815247,2523900
2016-06-28,76.919998,77.129997,75.580002,76.160004,67.223862,2092800
2016-06-29,76.580002,77.709999,76.019997,77.570000,68.468407,3037600
2016-06-30,77.580002,82.570000,77.550003,81.650002,72.069702,9125300
2016-07-01,81.440002,82.050003,80.639999,81.599998,72.025551,3806000
2016-07-05,81.529999,82.589996,81.040001,82.260002,72.608109,2919500
2016-07-06,82.169998,82.889999,81.989998,82.480003,72.802315,2938200
2016-07-07,82.940002,83.190002,82.000000,82.269997,72.616959,1870500
2016-07-08,82.580002,82.709999,81.730003,82.639999,72.943535,1805800
2016-07-11,82.500000,82.550003,81.570000,81.690002,72.105003,2208100
2016-07-12,81.660004,81.949997,81.230003,81.519997,71.954933,1939800
2016-07-13,81.669998,83.290001,81.449997,83.110001,73.358391,3009700
2016-07-14,83.000000,85.699997,83.000000,85.320000,75.309067,7542200
2016-07-15,85.470001,86.220001,84.930000,85.989998,75.900467,8330900
2016-07-18,85.949997,86.379997,85.400002,85.610001,75.565033,3282000
2016-07-19,85.589996,87.160004,85.400002,86.980003,76.774300,3168100
2016-07-20,86.900002,87.000000,82.190002,82.260002,72.608109,8305000
2016-07-21,82.489998,82.940002,82.139999,82.480003,72.802315,2670700
2016-07-22,82.769997,82.870003,82.260002,82.860001,73.137733,1555900
2016-07-25,82.800003,83.660004,82.760002,83.510002,73.711441,1553100
2016-07-26,83.510002,84.029999,82.769997,82.839996,73.120056,1563600
2016-07-27,82.639999,82.790001,81.080002,81.269997,71.734283,3017100
2016-07-28,81.349998,81.919998,81.160004,81.790001,72.193260,1954100
2016-07-29,81.919998,83.089996,81.800003,82.709999,73.005310,1943300
2016-08-01,82.620003,82.779999,82.019997,82.370003,72.705223,2005000
2016-08-02,82.379997,82.570000,81.610001,81.870003,72.263885,1231200
2016-08-03,81.889999,81.959999,80.570000,81.080002,71.566582,2330000
2016-08-04,82.440002,84.099998,82.070000,82.419998,72.749352,2652200
2016-08-05,82.839996,83.599998,82.370003,82.709999,73.005310,2490300
2016-08-08,82.889999,82.949997,81.940002,82.919998,73.190681,1636300
2016-08-09,82.919998,83.209999,82.680000,82.980003,73.243652,1048900
2016-08-10,83.029999,83.330002,82.809998,82.959999,73.225983,842900
2016-08-11,83.169998,84.279999,83.000000,83.459999,73.667320,1837500
2016-08-12,83.500000,84.010002,83.349998,83.529999,73.729111,1079200
2016-08-15,83.379997,83.830002,83.180000,83.389999,73.605530,1466500
2016-08-16,83.230003,83.360001,82.389999,82.449997,72.775826,1239200
2016-08-17,82.750000,83.290001,81.760002,82.570000,72.881752,2067300
2016-08-18,82.489998,83.040001,82.330002,83.019997,73.278954,1671700
2016-08-19,82.849998,83.139999,82.279999,83.040001,73.296593,2149000
2016-08-22,83.099998,83.349998,82.720001,83.050003,73.305443,1498400
2016-08-23,83.040001,83.180000,82.300003,82.690002,72.987663,849700
2016-08-24,82.650002,82.750000,81.860001,82.339996,72.678734,1076700
2016-08-25,82.389999,83.650002,82.389999,82.820000,73.102417,1674700
2016-08-26,82.790001,83.370003,82.220001,82.370003,72.705223,1494800
2016-08-29,82.510002,83.230003,82.419998,83.110001,73.358391,2225900
2016-08-30,82.400002,82.699997,81.669998,81.779999,72.638931,1636900
2016-08-31,81.889999,82.320000,81.589996,82.209999,73.020866,1269600
2016-09-01,81.879997,82.040001,81.309998,81.690002,72.558998,1543100
2016-09-02,82.169998,82.779999,82.120003,82.419998,73.207382,1055500
2016-09-06,82.470001,82.779999,82.150002,82.559998,73.331726,944900
2016-09-07,82.250000,82.379997,80.660004,80.800003,71.768463,2046200
2016-09-08,80.580002,80.720001,79.919998,79.989998,71.048996,2044600
2016-09-09,79.489998,79.500000,77.129997,77.129997,68.508690,2806100
2016-09-12,77.279999,79.370003,77.250000,79.129997,70.285126,2443700
2016-09-13,78.599998,79.059998,77.900002,78.129997,69.396896,1630400
2016-09-14,78.300003,78.739998,77.830002,78.089996,69.361389,2302300
2016-09-15,77.769997,78.500000,77.739998,78.260002,69.512390,2872400
2016-09-16,77.900002,78.309998,77.589996,78.019997,69.299202,1957300
2016-09-19,78.040001,78.540001,77.839996,78.169998,69.432434,1142100
2016-09-20,78.580002,78.690002,77.269997,77.279999,68.641922,1448600
2016-09-21,77.379997,77.709999,76.900002,77.580002,68.908401,1581900
2016-09-22,77.919998,78.400002,77.790001,78.220001,69.476845,2098400
2016-09-23,77.900002,78.099998,77.680000,77.709999,69.023872,780000
2016-09-26,77.500000,77.660004,77.250000,77.389999,68.739632,1211000
2016-09-27,77.660004,77.730003,77.059998,77.379997,68.730736,825400
2016-09-28,77.379997,77.889999,77.349998,77.820000,69.121559,1117700
2016-09-29,77.809998,78.070000,77.230003,77.260002,68.624161,845400
2016-09-30,77.440002,78.019997,77.440002,77.470001,68.810684,1444700
2016-10-03,77.209999,77.419998,76.830002,77.250000,68.615265,1311200
2016-10-04,77.010002,77.129997,76.040001,76.150002,67.638229,1601800
2016-10-05,76.250000,76.470001,75.290001,76.180000,67.664879,2441300
2016-10-06,75.940002,76.169998,75.480003,75.970001,67.478348,1688800
2016-10-07,76.059998,76.849998,75.900002,76.339996,67.806999,2190700
2016-10-10,76.500000,77.059998,76.230003,76.470001,67.922455,1657800
2016-10-11,76.470001,76.519997,75.769997,76.050003,67.549393,1617700
2016-10-12,76.010002,76.720001,75.870003,76.459999,67.913574,1036800
2016-10-13,76.059998,76.070000,75.110001,75.779999,67.309578,1808400
2016-10-14,75.989998,76.320000,75.449997,75.489998,67.051994,2295300
2016-10-17,75.660004,75.669998,74.930000,74.989998,66.607880,2703400
2016-10-18,75.440002,75.690002,75.120003,75.360001,66.936523,1282300
2016-10-19,75.370003,75.410004,74.570000,74.930000,66.554588,1309800
2016-10-20,74.970001,74.970001,74.040001,74.230003,65.932831,1815800
2016-10-21,74.019997,74.580002,73.660004,74.339996,66.030525,1730700
2016-10-24,74.540001,74.800003,73.870003,74.279999,65.977257,1728700
2016-10-25,74.239998,74.489998,74.160004,74.209999,65.915070,1092800
2016-10-26,74.190002,74.529999,73.959999,74.070000,65.790718,1296100
2016-10-27,74.070000,74.660004,74.000000,74.160004,65.870651,1928300
2016-10-28,74.269997,74.980003,74.129997,74.629997,66.288109,2139600
2016-10-31,74.900002,75.150002,74.650002,75.129997,66.732239,2416100
2016-11-01,75.620003,76.040001,74.720001,75.209999,66.803291,3058000
2016-11-02,75.269997,75.820000,74.860001,75.089996,66.696693,2281900
2016-11-03,74.989998,75.120003,73.750000,73.970001,65.701904,1623400
2016-11-04,73.940002,74.099998,73.529999,73.669998,65.435440,1324900
2016-11-07,74.370003,75.059998,74.059998,74.949997,66.572350,1283600
2016-11-08,74.750000,78.370003,74.750000,76.959999,68.357681,3390700
2016-11-09,75.419998,75.449997,73.370003,74.879997,66.510193,1923100
2016-11-10,74.459999,74.629997,72.459999,72.650002,64.529449,2972400
2016-11-11,72.720001,73.250000,72.050003,72.500000,64.396194,1784700
2016-11-14,72.430000,72.959999,71.830002,72.529999,64.422852,2320300
2016-11-15,72.730003,73.500000,72.699997,73.400002,65.195625,1884300
2016-11-16,73.449997,73.629997,72.959999,73.260002,65.071259,1110000
2016-11-17,73.059998,73.769997,72.580002,73.440002,65.231140,1197500
2016-11-18,73.349998,73.540001,72.830002,73.070000,64.902489,1183200
2016-11-21,73.070000,73.599998,72.830002,73.389999,65.186729,1308700
2016-11-22,73.610001,74.660004,73.610001,74.489998,66.163773,1281800
2016-11-23,74.120003,74.599998,73.190002,73.389999,65.186729,963300
2016-11-25,73.709999,74.480003,73.529999,74.160004,65.870651,497300
2016-11-28,74.010002,74.580002,73.680000,73.889999,65.630844,1095000
2016-11-29,73.519997,73.730003,72.830002,73.620003,65.854469,959900
2016-11-30,73.260002,73.379997,71.959999,72.000000,64.405357,1854600
2016-12-01,71.610001,71.849998,70.739998,70.959999,63.475056,2359700
2016-12-02,71.230003,71.500000,70.790001,71.169998,63.662899,1352600
2016-12-05,71.230003,71.690002,71.110001,71.669998,64.110161,2075600
2016-12-06,71.870003,72.160004,71.610001,71.970001,64.378494,1108200
2016-12-07,70.980003,72.750000,70.980003,72.650002,64.986794,1958800
2016-12-08,72.330002,72.389999,71.860001,72.089996,64.485855,1128000
2016-12-09,72.160004,73.330002,72.080002,73.110001,65.398262,2393600
2016-12-12,72.949997,73.970001,72.879997,73.800003,66.015488,1778500
2016-12-13,73.800003,74.489998,73.650002,73.949997,66.149651,1685100
2016-12-14,74.139999,74.379997,72.949997,73.120003,65.407211,1320600
2016-12-15,73.019997,73.849998,72.839996,73.410004,65.666634,1285400
2016-12-16,73.459999,74.050003,73.070000,73.290001,65.559288,2421500
2016-12-19,73.320000,73.470001,72.639999,72.919998,65.228310,5504600
2016-12-20,71.930000,73.279999,71.830002,73.269997,65.541389,1409900
2016-12-21,73.209999,73.989998,72.989998,73.150002,65.434044,1714700
2016-12-22,73.300003,73.830002,72.699997,73.660004,65.890259,1687300
2016-12-23,73.570000,73.650002,73.080002,73.570000,65.809738,615000
2016-12-27,73.570000,74.059998,73.260002,73.849998,66.060211,656900
2016-12-28,73.820000,73.900002,73.320000,73.430000,65.684509,674800
2016-12-29,73.510002,74.139999,73.330002,73.959999,66.158592,1461600
2016-12-30,74.000000,74.160004,73.419998,73.709999,65.934975,1042000
2017-01-03,73.709999,73.709999,72.830002,73.370003,65.630852,1699800
2017-01-04,73.540001,73.730003,73.129997,73.180000,65.460876,1097800
2017-01-05,73.040001,73.379997,72.360001,73.110001,65.398262,1576100
2017-01-06,72.769997,73.419998,72.599998,73.129997,65.416153,1078300
2017-01-09,73.260002,73.260002,72.029999,72.129997,64.521629,1586800
2017-01-10,72.279999,72.349998,71.620003,71.660004,64.101227,1198500
2017-01-11,71.639999,72.209999,71.580002,71.870003,64.289070,1154100
2017-01-12,71.809998,72.330002,71.669998,71.919998,64.333786,1428700
2017-01-13,71.790001,71.900002,71.050003,71.379997,63.850739,2150100
2017-01-17,71.500000,72.050003,71.480003,72.029999,64.432182,2455900
2017-01-18,72.010002,72.550003,71.830002,71.980003,64.387466,1975500
2017-01-19,71.910004,72.099998,71.680000,71.779999,64.208549,1538400
2017-01-20,71.910004,72.650002,71.769997,72.209999,64.593193,2522400
2017-01-23,72.199997,72.459999,71.660004,72.290001,64.664749,1655100
2017-01-24,72.300003,72.870003,72.160004,72.610001,64.951012,1955400
2017-01-25,72.830002,72.830002,72.209999,72.309998,64.682648,1605500
2017-01-26,72.309998,72.580002,71.949997,72.089996,64.485855,1700400
2017-01-27,72.129997,73.129997,71.839996,73.000000,65.299866,1911000
2017-01-30,73.050003,73.050003,72.300003,72.669998,65.004662,1038500
2017-01-31,72.730003,72.989998,72.610001,72.709999,65.040459,1205600
2017-02-01,72.309998,72.510002,71.449997,71.900002,64.315895,1448600
2017-02-02,72.129997,73.430000,72.019997,72.769997,65.094116,2030700
2017-02-03,73.019997,73.790001,72.570000,73.360001,65.621895,1420800
2017-02-06,73.160004,73.320000,72.269997,72.330002,64.700554,1061500
2017-02-07,72.599998,73.070000,72.379997,72.849998,65.165680,1972700
2017-02-08,72.849998,73.599998,72.680000,73.489998,65.738182,2130000
2017-02-09,74.599998,76.690002,74.589996,76.440002,68.376999,3654200
2017-02-10,76.160004,76.559998,75.709999,76.000000,67.983421,2623200
2017-02-13,75.889999,76.040001,75.330002,75.620003,67.643501,2463900
2017-02-14,75.500000,76.150002,75.250000,75.919998,67.911858,1871700
2017-02-15,75.279999,76.300003,74.529999,76.040001,68.019203,1934400
2017-02-16,75.889999,76.440002,74.370003,74.709999,66.829498,3254800
2017-02-17,72.989998,73.690002,72.440002,72.900002,65.210426,4179500
2017-02-21,74.110001,74.879997,73.839996,74.739998,66.856323,3602800
2017-02-22,74.639999,75.169998,74.110001,74.489998,66.632698,2143400
2017-02-23,74.570000,75.019997,74.519997,74.800003,66.910011,1404800
2017-02-24,74.669998,75.230003,74.669998,75.230003,67.294647,1714700
2017-02-27,74.440002,74.800003,73.730003,73.879997,66.547028,1326700
2017-02-28,73.900002,74.599998,73.900002,74.070000,66.718155,1789300
2017-03-01,74.070000,74.839996,73.750000,74.830002,67.402740,1907700
2017-03-02,74.930000,75.099998,74.489998,75.019997,67.573875,3104700
2017-03-03,75.029999,75.029999,74.070000,74.470001,67.078461,2676900
2017-03-06,74.050003,74.400002,73.760002,74.220001,66.853287,1379500
2017-03-07,74.150002,74.760002,74.080002,74.139999,66.781219,1740700
2017-03-08,73.940002,74.080002,73.639999,73.860001,66.529007,1365700
2017-03-09,74.110001,74.290001,73.720001,74.099998,66.745186,1959900
2017-03-10,74.529999,74.650002,74.029999,74.190002,66.826263,1271300
2017-03-13,74.040001,74.180000,73.839996,74.150002,66.790215,1346000
2017-03-14,73.870003,74.480003,73.870003,74.230003,66.862289,2105300
2017-03-15,74.379997,75.000000,74.230003,74.750000,67.330673,1538100
2017-03-16,74.650002,74.760002,74.239998,74.760002,67.339691,2111800
2017-03-17,75.089996,75.309998,74.730003,75.110001,67.654930,3593600
2017-03-20,75.010002,75.190002,74.660004,74.980003,67.537834,2655900
2017-03-21,74.059998,74.290001,73.459999,73.599998,66.294815,4262800
2017-03-22,73.610001,73.629997,72.279999,72.709999,65.493149,4567900
2017-03-23,72.720001,73.550003,72.379997,73.110001,65.853447,3006300
2017-03-24,73.290001,73.459999,72.750000,73.000000,65.754372,2933000
2017-03-27,72.839996,73.000000,72.400002,72.559998,65.358047,2523300
2017-03-28,72.440002,72.809998,72.199997,72.660004,65.448128,1742100
2017-03-29,72.669998,73.160004,72.300003,73.080002,65.826431,2055700
2017-03-30,72.930000,73.129997,72.379997,72.540001,65.340019,2143400
2017-03-31,72.449997,72.919998,72.449997,72.610001,65.403076,2145600
2017-04-03,72.589996,72.750000,72.139999,72.370003,65.186905,2156100
2017-04-04,72.410004,72.669998,71.860001,72.269997,65.096825,1420900
2017-04-05,72.339996,72.970001,72.180000,72.750000,65.529167,1516600
2017-04-06,72.589996,72.589996,72.019997,72.410004,65.222923,1777700
2017-04-07,72.360001,72.730003,72.260002,72.589996,65.385048,1811200
2017-04-10,72.480003,72.760002,72.129997,72.269997,65.096825,1714900
2017-04-11,72.300003,72.540001,71.970001,72.150002,64.988739,2045100
2017-04-12,72.070000,72.589996,71.970001,72.330002,65.150879,2494400
2017-04-13,72.339996,72.580002,71.910004,71.949997,64.808586,1698100
2017-04-17,72.080002,72.370003,72.000000,72.309998,65.132851,1264900
2017-04-18,72.379997,73.379997,72.300003,72.980003,65.736351,1831700
2017-04-19,73.150002,73.330002,72.470001,72.660004,65.448128,1204600
2017-04-20,72.599998,72.839996,72.230003,72.790001,65.565216,2164000
2017-04-21,72.540001,72.779999,72.330002,72.419998,65.231926,2739200
2017-04-24,72.760002,73.000000,72.540001,72.769997,65.547195,1863800
2017-04-25,72.809998,72.970001,72.339996,72.349998,65.168900,2218000
2017-04-26,72.379997,72.430000,71.470001,71.489998,64.394234,2428700
2017-04-27,71.559998,71.620003,70.779999,70.959999,63.916843,2293800
2017-04-28,71.059998,71.180000,70.570000,71.000000,63.952877,3897700
2017-05-01,71.089996,71.190002,70.129997,70.150002,63.187256,2060900
2017-05-02,70.510002,70.510002,68.919998,69.029999,62.178410,3625900
2017-05-03,69.120003,69.199997,68.669998,68.940002,62.097343,2853700
2017-05-04,68.690002,71.489998,68.690002,70.400002,63.412426,5349100
2017-05-05,70.739998,70.739998,69.989998,70.690002,63.673641,2684900
2017-05-08,70.690002,73.430000,70.250000,72.699997,65.484146,6966700
2017-05-09,72.610001,72.720001,70.470001,70.849998,63.817772,3663200
2017-05-10,70.820000,71.309998,70.779999,71.050003,63.997917,1931500
2017-05-11,71.040001,71.110001,70.190002,70.690002,63.673641,3431400
2017-05-12,70.459999,70.949997,70.300003,70.830002,63.799751,1940500
2017-05-15,70.739998,71.139999,70.730003,71.019997,63.970898,2310300
2017-05-16,71.139999,71.169998,70.190002,70.349998,63.367390,2292400
2017-05-17,70.349998,70.949997,69.970001,70.529999,63.529522,2528900
2017-05-18,70.379997,70.540001,69.849998,70.080002,63.124191,2434500
2017-05-19,70.199997,71.099998,69.820000,71.029999,63.979904,2606400
2017-05-22,70.599998,71.430000,70.599998,71.309998,64.232101,1222000
2017-05-23,71.349998,71.820000,71.260002,71.610001,64.502335,1986100
2017-05-24,71.610001,72.599998,71.559998,72.519997,65.322006,2531900
2017-05-25,72.849998,73.120003,72.410004,72.680000,65.466148,2218300
2017-05-26,72.809998,73.029999,72.290001,72.620003,65.412079,1312600
2017-05-30,71.940002,71.940002,71.180000,71.680000,65.031044,1827200
2017-05-31,71.809998,72.169998,71.550003,71.599998,64.958458,1711800
2017-06-01,71.889999,72.949997,71.559998,72.940002,66.174187,2075300
2017-06-02,73.500000,73.500000,72.730003,72.970001,66.201385,1760000
2017-06-05,72.660004,73.040001,72.550003,72.949997,66.183243,1542900
2017-06-06,72.839996,73.089996,72.639999,72.839996,66.083443,1176700
2017-06-07,72.750000,73.230003,72.699997,73.129997,66.346535,1631000
2017-06-08,73.129997,73.250000,72.230003,72.250000,65.548180,1860300
2017-06-09,72.190002,72.769997,72.080002,72.660004,65.920151,1403800
2017-06-12,72.790001,73.629997,72.750000,73.080002,66.301186,2518800
2017-06-13,72.870003,73.470001,72.330002,73.300003,66.500786,1675700
2017-06-14,73.559998,74.279999,73.440002,73.489998,66.673149,1690500
2017-06-15,73.300003,73.639999,72.889999,73.099998,66.319321,1661000
2017-06-16,72.940002,73.000000,71.080002,71.879997,65.212486,3595800
2017-06-19,72.000000,72.129997,71.360001,71.760002,65.103615,2270600
2017-06-20,71.800003,72.000000,71.059998,71.089996,64.495766,1785300
2017-06-21,71.279999,71.470001,70.389999,70.480003,63.942360,1598200
2017-06-22,70.500000,70.949997,70.349998,70.410004,63.878860,1602100
2017-06-23,70.500000,70.889999,70.389999,70.559998,64.014931,1715000
2017-06-26,70.769997,71.360001,70.529999,70.989998,64.405052,1204900
2017-06-27,70.120003,70.269997,69.290001,69.339996,62.908092,3023600
2017-06-28,69.870003,70.360001,69.500000,69.529999,63.080482,2100800
2017-06-29,69.500000,69.580002,68.559998,68.690002,62.318390,3505600
2017-06-30,69.110001,69.910004,69.050003,69.459999,63.016960,2498300
2017-07-03,69.580002,69.580002,68.739998,68.760002,62.381901,1086100
2017-07-05,68.730003,68.949997,67.570000,67.699997,61.420223,4124400
2017-07-06,67.529999,67.800003,66.500000,66.550003,60.376907,2709400
2017-07-07,66.650002,66.900002,66.410004,66.519997,60.349682,2991200
2017-07-10,66.540001,66.690002,65.779999,65.870003,59.759975,2589800
2017-07-11,65.629997,66.080002,65.320000,65.339996,59.279125,2706800
2017-07-12,65.739998,66.169998,65.660004,65.739998,59.642033,1369900
2017-07-13,65.760002,66.190002,65.610001,66.019997,59.896053,2021800
2017-07-14,66.300003,66.449997,66.150002,66.379997,60.222660,1414300
2017-07-17,66.230003,66.940002,66.230003,66.750000,60.558342,1785000
2017-07-18,66.699997,66.750000,66.150002,66.260002,60.113804,1957100
2017-07-19,66.440002,66.699997,66.230003,66.349998,60.195446,1775100
2017-07-20,66.449997,66.860001,66.239998,66.750000,60.558342,3329700
2017-07-21,66.610001,67.279999,66.540001,67.220001,60.984745,1462400
2017-07-24,67.250000,67.489998,66.650002,66.830002,60.630924,1739700
2017-07-25,66.970001,67.699997,66.830002,67.570000,61.302273,1772800
2017-07-26,67.570000,67.639999,67.050003,67.309998,61.066387,1156700
2017-07-27,67.269997,67.750000,67.050003,67.680000,61.402077,2414500
2017-07-28,67.650002,67.800003,67.349998,67.650002,61.374851,1787900
2017-07-31,67.750000,68.190002,67.540001,68.000000,61.692394,4095400
2017-08-01,67.959999,68.150002,67.290001,67.459999,61.202488,2021400
2017-08-02,67.209999,67.980003,66.529999,67.440002,61.184334,2580500
2017-08-03,68.099998,70.930000,67.809998,70.360001,63.833488,5046700
2017-08-04,71.519997,71.650002,69.370003,69.620003,63.162113,2864700
2017-08-07,69.809998,70.150002,69.620003,70.110001,63.606670,2923900
2017-08-08,69.839996,69.940002,68.959999,69.220001,62.799236,1702700
2017-08-09,69.029999,69.320000,68.889999,69.040001,62.635925,1565900
2017-08-10,68.839996,69.040001,68.599998,68.750000,62.372833,2022600
2017-08-11,68.629997,69.000000,68.480003,68.809998,62.427250,1054900
2017-08-14,69.250000,69.870003,69.019997,69.860001,63.379864,1984600
2017-08-15,69.889999,70.080002,69.629997,69.809998,63.334499,1405700
2017-08-16,69.709999,70.540001,69.709999,70.070000,63.570385,1297100
2017-08-17,69.940002,70.589996,69.919998,70.099998,63.597603,2106200
2017-08-18,70.050003,70.070000,69.540001,69.949997,63.461521,1975900
2017-08-21,69.970001,70.680000,69.680000,70.199997,63.688339,1281000
2017-08-22,70.139999,70.260002,69.720001,70.000000,63.506874,1861200
2017-08-23,69.690002,70.070000,69.580002,69.910004,63.425243,1756400
2017-08-24,69.430000,69.440002,67.820000,67.910004,61.610748,2713700
2017-08-25,68.000000,68.099998,67.400002,67.709999,61.429306,2241300
2017-08-28,67.760002,67.809998,66.309998,66.779999,60.585567,2045500
2017-08-29,66.760002,66.989998,66.059998,66.300003,60.150089,1833900
2017-08-30,66.000000,66.180000,65.489998,66.050003,60.415348,2120300
2017-08-31,65.639999,66.099998,65.160004,65.459999,59.875671,3006500
2017-09-01,65.470001,65.790001,65.059998,65.449997,59.866528,2474700
2017-09-05,65.480003,66.639999,65.430000,66.400002,60.735485,3256300
2017-09-06,66.349998,67.870003,65.940002,67.839996,62.052643,4069100
2017-09-07,67.949997,68.430000,67.220001,67.750000,61.970325,2490400
2017-09-08,67.720001,68.800003,67.379997,68.449997,62.610603,2764600
2017-09-11,68.599998,69.110001,68.559998,68.769997,62.903297,2665700
2017-09-12,68.690002,69.220001,68.349998,68.489998,62.647186,1437200
2017-09-13,68.529999,68.769997,67.870003,67.980003,62.180706,1764000
2017-09-14,67.839996,68.029999,67.199997,67.620003,61.851414,2732600
2017-09-15,67.669998,68.320000,67.620003,68.320000,62.491692,2579100
2017-09-18,68.309998,68.650002,68.089996,68.610001,62.756954,1876400
2017-09-19,67.870003,68.029999,65.599998,65.870003,60.250710,5904400
2017-09-20,64.889999,65.589996,63.700001,64.720001,59.198807,6004100
2017-09-21,64.720001,64.989998,63.720001,63.919998,58.467056,2342000
2017-09-22,64.080002,64.379997,63.110001,63.360001,57.954826,1962200
2017-09-25,63.320000,64.230003,63.000000,64.029999,58.567673,2996700
2017-09-26,63.930000,63.950001,62.970001,63.419998,58.009708,2929100
2017-09-27,63.419998,63.480000,62.410000,63.040001,57.662128,3092100
2017-09-28,62.939999,63.770000,62.299999,62.810001,57.451748,3940200
2017-09-29,63.049999,63.180000,62.110001,62.369999,57.049278,4069100
2017-10-02,62.220001,63.119999,61.700001,62.720001,57.369427,4200200
2017-10-03,62.709999,62.820000,61.990002,62.020000,56.729134,2831500
2017-10-04,61.980000,62.820000,61.959999,62.419998,57.095020,2804100
2017-10-05,62.560001,63.150002,62.369999,62.700001,57.351131,2251500
2017-10-06,62.910000,63.189999,62.330002,62.400002,57.076725,3205800
2017-10-09,62.419998,62.480000,61.029999,61.040001,55.832745,4129700
2017-10-10,61.270000,61.730000,61.119999,61.470001,56.226067,3694100
2017-10-11,61.540001,61.950001,61.220001,61.250000,56.024826,4974900
2017-10-12,61.189999,62.590000,61.189999,62.389999,57.067577,3105700
2017-10-13,62.439999,62.459999,61.639999,61.959999,56.674263,2875600
2017-10-16,61.889999,62.259998,61.820000,61.910000,56.628532,1754800
2017-10-17,61.869999,62.090000,61.590000,61.740002,56.473030,2032200
2017-10-18,61.750000,61.959999,61.529999,61.790001,56.518761,2688600
2017-10-19,61.720001,61.970001,61.410000,61.700001,56.436436,2221700
2017-10-20,61.660000,61.750000,60.959999,61.450001,56.207764,3908000
2017-10-23,61.549999,61.919998,61.320000,61.480000,56.235210,3461700
2017-10-24,61.459999,61.740002,60.970001,61.200001,55.979099,3030500
2017-10-25,60.959999,61.060001,60.009998,60.480000,55.320515,4314800
2017-10-26,60.759998,60.889999,60.029999,60.549999,55.384544,3217500
2017-10-27,60.419998,60.490002,59.820000,60.259998,55.119286,3142900
2017-10-30,60.070000,60.160000,58.759998,58.869999,53.847862,6126000
2017-10-31,62.490002,63.930000,61.770000,62.529999,57.195637,11598400
2017-11-01,62.639999,63.720001,61.810001,63.009998,57.634678,4620500
2017-11-02,62.840000,63.070000,62.340000,62.380001,57.058434,3334800
2017-11-03,62.439999,62.490002,61.650002,61.959999,56.674263,3072000
2017-11-06,61.849998,61.849998,60.189999,60.200001,55.064404,3584200
2017-11-07,60.250000,61.389999,60.130001,60.840000,55.649807,6320100
2017-11-08,61.000000,62.970001,60.860001,62.820000,57.460896,4624500
2017-11-09,62.689999,63.419998,62.490002,63.279999,57.881653,4600700
2017-11-10,63.040001,65.190002,62.910000,64.699997,59.180511,6215500
2017-11-13,64.599998,65.000000,63.619999,63.759998,58.320705,3419100
2017-11-14,63.750000,65.250000,63.599998,65.180000,59.619572,4270100
2017-11-15,65.000000,65.059998,63.000000,63.740002,58.302410,4553500
2017-11-16,64.050003,65.339996,63.880001,65.279999,59.711040,2948800
2017-11-17,64.980003,65.839996,64.930000,65.360001,59.784210,4617500
2017-11-20,65.279999,66.220001,65.250000,65.559998,59.967140,4112900
2017-11-21,65.269997,65.269997,64.070000,64.349998,58.860367,3875600
2017-11-22,64.940002,64.940002,64.160004,64.709999,59.189659,1770700
2017-11-24,64.959999,65.029999,64.500000,64.930000,59.390892,797500
2017-11-27,64.900002,65.339996,64.400002,65.070000,59.518951,1877800
2017-11-28,65.230003,65.959999,64.779999,65.940002,60.314732,2060700
2017-11-29,65.589996,67.739998,65.589996,66.800003,61.101372,3235400
2017-11-30,66.790001,67.220001,65.739998,66.160004,61.009148,4505900
2017-12-01,66.019997,66.529999,65.089996,65.989998,60.852383,3329800
2017-12-04,66.150002,67.720001,65.970001,67.540001,62.281708,4200600
2017-12-05,67.650002,68.290001,67.279999,67.970001,62.678238,4446200
2017-12-06,67.970001,68.290001,67.639999,68.129997,62.825764,1890700
2017-12-07,68.000000,68.129997,67.239998,67.269997,62.032730,1758900
2017-12-08,67.070000,67.230003,66.360001,66.529999,61.350338,2361200
2017-12-11,66.459999,66.629997,66.029999,66.550003,61.368790,1767400
2017-12-12,66.620003,66.620003,65.930000,65.949997,60.815491,2145700
2017-12-13,66.220001,66.320000,65.790001,65.830002,60.704845,3051300
2017-12-14,65.750000,65.870003,65.010002,65.050003,59.985573,3022200
2017-12-15,65.180000,65.919998,64.209999,64.989998,59.930237,7038500
2017-12-18,65.099998,66.129997,64.900002,65.639999,60.529636,4558800
2017-12-19,65.930000,66.019997,65.379997,65.470001,60.372868,5184200
2017-12-20,65.720001,67.150002,65.139999,66.870003,61.663883,5328200
2017-12-21,66.900002,67.839996,66.830002,67.650002,62.383141,3461300
2017-12-22,67.779999,68.250000,67.669998,68.099998,62.798119,2451500
2017-12-26,67.959999,68.220001,67.800003,68.150002,62.844215,1372700
2017-12-27,68.209999,68.709999,68.089996,68.290001,62.973316,1603100
2017-12-28,68.230003,68.389999,67.769997,68.029999,62.733570,1538500
2017-12-29,68.160004,68.620003,67.959999,67.980003,62.687458,1154800
2018-01-02,68.029999,68.169998,67.599998,67.970001,62.678238,2978200
2018-01-03,68.110001,68.129997,67.410004,67.650002,62.383141,2223100
2018-01-04,67.730003,68.769997,67.489998,68.730003,63.379070,2438800
2018-01-05,68.849998,69.190002,68.599998,68.940002,63.572723,2211900
2018-01-08,68.870003,69.209999,68.620003,69.169998,63.784801,1940800
2018-01-09,69.199997,69.209999,68.599998,68.779999,63.425175,3050800
2018-01-10,68.339996,68.459999,66.820000,67.019997,61.802200,3379900
2018-01-11,67.290001,67.290001,65.570000,65.980003,60.843166,3897400
2018-01-12,66.010002,66.059998,64.660004,64.690002,59.653591,4940200
2018-01-16,65.250000,66.199997,65.059998,65.940002,60.806278,4747400
2018-01-17,66.220001,67.379997,66.129997,66.510002,61.331898,3809000
2018-01-18,66.370003,66.370003,65.360001,65.800003,60.677181,3429800
2018-01-19,65.949997,67.010002,65.800003,66.620003,61.433331,3454600
2018-01-22,66.949997,67.190002,66.279999,67.169998,61.940514,2143900
2018-01-23,66.970001,67.320000,66.510002,66.930000,61.719204,1788500
2018-01-24,67.040001,67.849998,67.010002,67.300003,62.060398,4236800
2018-01-25,67.370003,68.349998,67.330002,67.910004,62.622902,2206200
2018-01-26,67.790001,68.440002,67.620003,68.330002,63.010201,2352900
2018-01-29,68.120003,68.410004,67.730003,67.760002,62.484577,2125400
2018-01-30,67.669998,68.239998,67.110001,67.940002,62.650578,2789000
2018-01-31,68.029999,68.550003,67.419998,68.110001,62.807327,3145600
2018-02-01,68.000000,68.959999,67.169998,68.320000,63.000980,3026800
2018-02-02,68.169998,68.169998,65.419998,65.449997,60.354424,3240400
2018-02-05,65.639999,66.339996,64.080002,64.129997,59.137188,4194800
2018-02-06,63.139999,65.309998,62.959999,65.160004,60.087009,5066200
2018-02-07,65.169998,66.699997,64.160004,64.209999,59.210968,4871300
2018-02-08,64.589996,67.320000,64.550003,65.980003,60.843166,5911800
2018-02-09,66.599998,67.779999,66.000000,67.330002,62.088062,4226500
2018-02-12,67.650002,68.470001,66.959999,67.070000,61.848301,3287700
2018-02-13,66.889999,67.800003,66.669998,67.489998,62.235600,3139800
2018-02-14,67.320000,68.019997,66.720001,67.739998,62.466129,2367300
2018-02-15,68.099998,69.930000,67.349998,69.820000,64.384209,3559700
2018-02-16,69.139999,69.889999,68.790001,69.660004,64.236656,2020000
2018-02-20,69.330002,70.290001,69.330002,69.680000,64.255104,3399800
2018-02-21,69.510002,69.860001,68.250000,68.309998,62.991760,2780900
2018-02-22,68.339996,69.599998,68.160004,68.260002,62.945652,1825900
2018-02-23,68.129997,68.540001,66.919998,68.540001,63.203857,2779100
2018-02-26,68.459999,69.160004,67.800003,68.949997,63.581932,1917600
2018-02-27,69.000000,69.300003,67.110001,67.129997,61.903637,3125100
2018-02-28,67.239998,67.470001,66.180000,66.199997,61.046036,2130000
2018-03-01,66.809998,67.839996,66.400002,66.910004,61.700771,2790500
2018-03-02,66.370003,67.980003,66.370003,67.680000,62.918598,2293000
2018-03-05,67.430000,69.220001,67.419998,69.199997,64.331657,3908600
2018-03-06,69.150002,70.010002,68.830002,69.900002,64.982414,3269500
2018-03-07,69.010002,69.699997,68.620003,69.300003,64.424629,1906900
2018-03-08,69.500000,69.730003,69.029999,69.639999,64.740707,1453000
2018-03-09,69.849998,70.809998,69.300003,70.250000,65.307793,2907800
2018-03-12,70.389999,71.080002,69.830002,69.830002,64.917336,2463700
2018-03-13,70.150002,70.620003,69.459999,69.639999,64.740707,2737500
2018-03-14,69.910004,70.660004,68.889999,69.000000,64.145737,2557300
2018-03-15,69.010002,69.360001,66.480003,66.989998,62.277134,3556000
2018-03-16,67.190002,67.720001,65.879997,66.440002,61.765842,8421200
2018-03-19,66.370003,67.290001,66.150002,66.430000,61.756542,3552700
2018-03-20,66.629997,67.139999,65.870003,66.320000,61.654278,4128600
2018-03-21,63.980000,64.309998,63.029999,63.680000,59.200001,5261300
2018-03-22,63.610001,64.480003,63.349998,63.369999,58.911812,2918900
2018-03-23,63.650002,64.349998,62.950001,62.950001,58.521358,2203000
2018-03-26,63.750000,64.239998,63.279999,64.129997,59.618340,1723800
2018-03-27,64.400002,65.029999,64.160004,64.379997,59.850758,1966700
2018-03-28,64.519997,65.019997,63.770000,63.900002,59.404526,3488600
2018-03-29,64.180000,65.239998,64.180000,65.010002,60.436432,1946600
2018-04-02,64.970001,64.989998,62.880001,63.119999,58.679401,1545400
2018-04-03,63.439999,63.540001,62.529999,63.369999,58.911812,1878800
2018-04-04,63.000000,65.529999,62.990002,64.930000,60.362064,2357500
2018-04-05,65.160004,65.379997,64.370003,64.559998,60.018097,1294100
2018-04-06,64.500000,65.440002,63.770000,64.239998,59.720604,1653400
2018-04-09,64.510002,65.250000,63.950001,64.480003,59.943726,1532100
2018-04-10,64.610001,65.019997,63.470001,63.619999,59.144222,3100700
2018-04-11,63.520000,63.799999,63.139999,63.349998,58.893215,1701800
2018-04-12,63.400002,63.549999,62.540001,62.610001,58.205280,1796300
2018-04-13,62.689999,63.130001,62.410000,63.060001,58.623623,2187300
2018-04-16,62.950001,63.880001,62.430000,63.830002,59.339455,2404300
2018-04-17,64.190002,64.349998,63.459999,63.790001,59.302265,1918700
2018-04-18,63.660000,63.820000,63.250000,63.410000,58.948997,2528900
2018-04-19,63.160000,63.279999,61.919998,62.200001,57.824123,1943900
2018-04-20,62.150002,62.610001,59.799999,60.270000,56.029903,4461000
2018-04-23,60.380001,60.689999,59.990002,60.520000,56.262314,1516100
2018-04-24,60.720001,60.900002,59.919998,60.459999,56.206532,1895000
2018-04-25,60.349998,61.430000,60.290001,60.950001,56.662060,2223800
2018-04-26,60.939999,61.020000,58.709999,60.099998,55.871864,4916300
2018-04-27,60.189999,60.740002,60.119999,60.240002,56.002014,3094200
2018-04-30,60.259998,60.480000,58.849998,58.900002,54.756283,3671400
2018-05-01,58.810001,59.080002,58.209999,58.750000,54.616837,3087700
2018-05-02,58.570000,58.580002,56.400002,56.650002,52.664574,4451200
2018-05-03,58.500000,58.869999,57.360001,58.150002,54.059048,7239900
2018-05-04,58.310001,60.650002,58.250000,59.799999,55.592968,5641500
2018-05-07,59.779999,60.619999,59.779999,60.490002,56.234421,3409200
2018-05-08,60.340000,60.630001,59.990002,60.299999,56.057796,2197700
2018-05-09,60.490002,61.169998,60.040001,60.330002,56.085686,2165700
2018-05-10,60.610001,61.189999,60.470001,61.040001,56.745731,2227100
2018-05-11,61.150002,61.700001,60.900002,61.389999,57.071114,2198900
2018-05-14,61.480000,61.720001,61.080002,61.650002,57.312817,3275100
2018-05-15,61.490002,61.880001,60.759998,61.250000,56.940952,2774800
2018-05-16,61.380001,61.680000,61.099998,61.490002,57.164074,2154600
2018-05-17,61.610001,61.680000,60.950001,61.180000,56.875885,1792900
2018-05-18,60.599998,60.680000,59.290001,60.189999,55.955528,3741700
2018-05-21,60.480000,61.369999,60.119999,60.770000,56.494728,2504300
2018-05-22,60.980000,62.130001,60.779999,61.520000,57.191963,2603500
2018-05-23,61.830002,62.320000,61.540001,62.230000,57.852013,1999500
2018-05-24,62.290001,63.580002,62.220001,63.509998,59.041962,3923100
2018-05-25,63.599998,65.570000,63.400002,65.230003,60.640965,4611800
2018-05-29,64.760002,65.419998,64.129997,64.580002,60.036686,3727700
2018-05-30,64.760002,66.269997,64.440002,65.970001,61.328907,3085800
2018-05-31,65.599998,65.599998,63.709999,64.389999,60.354084,2934600
2018-06-01,64.500000,64.599998,63.590000,63.830002,59.829189,2395900
2018-06-04,64.120003,64.930000,64.019997,64.620003,60.569675,2131900
2018-06-05,64.699997,64.879997,62.980000,63.270000,59.304287,3241800
2018-06-06,63.270000,63.270000,62.180000,62.910000,58.966850,6795800
2018-06-07,61.650002,63.200001,61.290001,62.259998,58.357590,5245600
2018-06-08,62.570000,63.900002,62.570000,63.709999,59.716709,2720300
2018-06-11,63.880001,65.769997,63.880001,65.449997,61.347645,2605300
2018-06-12,66.309998,66.309998,65.029999,65.709999,61.591351,2045200
2018-06-13,65.910004,66.290001,65.260002,65.769997,61.647587,1666900
2018-06-14,65.919998,66.779999,65.510002,66.599998,62.425564,2390600
2018-06-15,66.680000,67.139999,66.139999,67.059998,62.856735,3788700
2018-06-18,66.849998,67.309998,65.870003,66.260002,62.106880,1848700
2018-06-19,65.809998,67.040001,65.800003,66.589996,62.416195,1454000
2018-06-20,66.680000,66.809998,65.500000,66.690002,62.509930,1433700
2018-06-21,66.800003,67.190002,66.370003,66.839996,62.650524,1679400
2018-06-22,67.150002,67.709999,66.779999,67.400002,63.175423,2029300
2018-06-25,67.820000,69.239998,67.809998,69.050003,64.722008,4278300
2018-06-26,68.800003,68.980003,68.419998,68.699997,64.393936,3560400
2018-06-27,68.550003,70.279999,67.790001,69.180000,64.843857,6122900
2018-06-28,69.150002,70.169998,68.639999,69.669998,65.303139,3052900
2018-06-29,69.739998,70.300003,68.739998,69.870003,65.490608,2226200
2018-07-02,69.589996,70.059998,69.150002,69.610001,65.246902,2061700
2018-07-03,69.690002,69.750000,69.169998,69.339996,64.993820,1202500
2018-07-05,69.730003,71.550003,69.540001,71.540001,67.055931,3337200
2018-07-06,71.589996,72.239998,71.059998,71.830002,67.327751,2041600
2018-07-09,71.830002,71.949997,70.220001,70.470001,66.052994,2509100
2018-07-10,70.669998,70.900002,70.059998,70.639999,66.212349,2314500
2018-07-11,70.730003,70.750000,70.099998,70.330002,65.921776,1328300
2018-07-12,70.660004,70.930000,70.269997,70.680000,66.249825,1504900
2018-07-13,70.470001,71.309998,70.220001,71.169998,66.709122,1978400
2018-07-16,71.099998,71.099998,70.440002,70.589996,66.165466,1157900
2018-07-17,70.419998,71.000000,70.330002,70.650002,66.221703,1335600
2018-07-18,70.709999,70.800003,68.699997,68.959999,64.637634,2391300
2018-07-19,68.910004,69.959999,68.879997,69.599998,65.237526,1669600
2018-07-20,70.080002,70.370003,69.400002,70.199997,65.799919,1330200
2018-07-23,70.050003,70.349998,69.440002,69.860001,65.481232,1508100
2018-07-24,69.639999,70.220001,69.209999,70.180000,65.781166,1413300
2018-07-25,70.199997,70.900002,70.180000,70.849998,66.409187,2754700
2018-07-26,71.349998,72.260002,70.769997,70.879997,66.437302,2514300
2018-07-27,71.129997,71.639999,70.779999,71.400002,66.924698,1533600
2018-07-30,70.750000,71.690002,70.599998,71.330002,66.859085,1738200
2018-07-31,71.500000,71.779999,70.589996,71.029999,66.577888,2371500
2018-08-01,71.129997,71.150002,69.160004,69.430000,65.078171,3177400
2018-08-02,68.699997,70.040001,66.790001,69.879997,65.499962,3908600
2018-08-03,70.199997,73.239998,70.019997,72.150002,67.627693,3626800
2018-08-06,72.300003,72.660004,71.580002,72.199997,67.674545,2064200
2018-08-07,72.050003,72.080002,71.370003,71.900002,67.393356,1711400
2018-08-08,72.150002,72.239998,71.000000,71.010002,66.559143,1382900
2018-08-09,71.459999,71.459999,70.900002,71.300003,66.830978,1421600
2018-08-10,71.080002,71.809998,70.830002,71.379997,66.905952,1125600
2018-08-13,71.480003,71.540001,70.589996,71.010002,66.559143,1535700
2018-08-14,71.139999,72.150002,71.139999,71.510002,67.027802,1575300
2018-08-15,71.410004,72.180000,71.239998,72.099998,67.580841,1425400
2018-08-16,72.099998,73.309998,71.989998,72.699997,68.143219,2069700
2018-08-17,72.680000,73.879997,72.680000,73.629997,69.014931,1992900
2018-08-20,73.779999,74.320000,73.589996,73.720001,69.099297,1577900
2018-08-21,73.879997,74.019997,71.989998,72.220001,67.693321,1909200
2018-08-22,72.290001,72.669998,71.529999,72.139999,67.618324,1245900
2018-08-23,71.709999,72.120003,71.339996,72.110001,67.590202,1115000
2018-08-24,72.120003,72.949997,72.080002,72.449997,67.908890,947400
2018-08-27,72.650002,72.889999,71.809998,72.019997,67.505836,1219600
2018-08-28,71.660004,72.029999,70.989998,71.470001,66.990318,1143700
2018-08-29,71.870003,71.919998,71.440002,71.809998,67.308998,1333800
2018-08-30,71.519997,72.160004,71.480003,71.750000,67.252777,1144200
2018-08-31,71.279999,72.089996,71.260002,71.790001,67.819588,1401100
2018-09-04,71.809998,72.300003,71.620003,71.910004,67.932953,1057000
2018-09-05,71.570000,72.760002,71.320000,72.699997,68.679253,1539400
2018-09-06,72.470001,73.720001,72.459999,73.650002,69.576721,1485800
2018-09-07,73.339996,74.440002,73.150002,74.089996,69.992378,1925700
2018-09-10,74.139999,74.580002,73.779999,74.019997,69.926247,1827900
2018-09-11,73.889999,73.989998,73.160004,73.459999,69.397224,995900
2018-09-12,73.790001,74.510002,73.550003,74.449997,70.332474,1132900
2018-09-13,74.559998,74.839996,73.919998,74.800003,70.663124,1563900
2018-09-14,74.620003,74.910004,74.120003,74.839996,70.700897,865800
2018-09-17,74.690002,74.980003,74.320000,74.699997,70.568634,1158200
2018-09-18,73.739998,73.949997,72.449997,73.360001,69.302750,2451400
2018-09-19,73.459999,73.849998,72.209999,72.400002,68.395844,1468900
2018-09-20,72.620003,72.930000,72.110001,72.800003,68.773727,1775900
2018-09-21,72.940002,73.430000,72.519997,73.169998,69.123260,2818500
2018-09-24,72.589996,73.430000,72.239998,72.339996,68.339157,1197200
2018-09-25,72.459999,72.589996,71.820000,72.099998,68.112450,999400
2018-09-26,72.250000,72.839996,71.870003,71.910004,67.932953,1306000
2018-09-27,71.269997,71.540001,69.500000,70.010002,66.138023,2174800
2018-09-28,70.150002,70.760002,69.910004,70.019997,66.147476,2091800
2018-10-01,70.070000,70.370003,69.690002,69.889999,66.024666,1484600
2018-10-02,70.120003,71.190002,70.019997,70.419998,66.525352,1461000
2018-10-03,70.830002,71.169998,68.500000,68.669998,64.872147,2774400
2018-10-04,67.949997,69.290001,66.739998,69.139999,65.316147,2204700
2018-10-05,69.000000,69.699997,69.000000,69.379997,65.542870,1278600
2018-10-08,69.559998,70.550003,69.559998,70.260002,66.374199,1853100
2018-10-09,70.180000,70.330002,68.839996,68.989998,65.174438,1489000
2018-10-10,69.199997,70.400002,68.720001,68.730003,64.928818,2524000
2018-10-11,68.910004,69.349998,67.519997,67.620003,63.880215,3101700
2018-10-12,67.919998,68.230003,67.489998,67.949997,64.191956,1648600
2018-10-15,68.010002,69.250000,68.010002,68.669998,64.872147,1697900
2018-10-16,68.989998,70.269997,68.680000,69.849998,65.986877,1703900
2018-10-17,69.580002,70.209999,69.070000,69.650002,65.797943,1369400
2018-10-18,69.820000,70.519997,69.220001,69.559998,65.712921,1759400
2018-10-19,70.000000,71.360001,70.000000,71.169998,67.233871,2648700
2018-10-22,71.529999,71.949997,70.379997,70.589996,66.685944,1729600
2018-10-23,70.309998,71.519997,69.699997,71.180000,67.243324,2507400
2018-10-24,71.349998,72.980003,71.330002,71.449997,67.498383,3225500
2018-10-25,71.279999,71.349998,70.269997,70.550003,66.648170,2315200
2018-10-26,70.360001,70.760002,68.730003,69.160004,65.335037,1688100
2018-10-29,69.440002,71.150002,69.440002,70.290001,66.402542,1553000
2018-10-30,70.879997,72.019997,70.440002,71.860001,67.885712,2010200
2018-10-31,65.669998,67.459999,64.949997,65.480003,61.858562,7930700
2018-11-01,65.110001,65.110001,63.520000,64.000000,60.460415,6415800
2018-11-02,63.770000,64.230003,62.549999,63.000000,59.515728,4802800
2018-11-05,63.349998,64.129997,62.919998,63.150002,59.657429,3723700
2018-11-06,63.290001,64.419998,62.820000,64.389999,60.828846,5683800
2018-11-07,64.750000,64.900002,63.230000,64.269997,60.715481,2417200
2018-11-08,64.019997,65.230003,64.000000,65.180000,61.575157,3821800
2018-11-09,65.089996,65.660004,64.459999,65.010002,61.414555,2305600
2018-11-12,64.940002,65.489998,64.110001,64.300003,60.743828,2247800
2018-11-13,64.389999,64.620003,62.599998,63.419998,59.912491,3491600
2018-11-14,62.320000,62.970001,61.799999,62.459999,59.005589,4010400
2018-11-15,62.090000,62.540001,61.349998,62.520000,59.062263,2572000
2018-11-16,62.509998,62.750000,61.509998,61.730000,58.315964,3385700
2018-11-19,61.700001,62.279999,60.880001,61.689999,58.278172,4337900
2018-11-20,62.299999,62.889999,61.549999,61.709999,58.297066,4210200
2018-11-21,61.709999,63.250000,61.580002,61.889999,58.467117,3976900
2018-11-23,61.650002,61.880001,61.160000,61.740002,58.325413,959400
2018-11-26,61.680000,61.959999,61.200001,61.500000,58.098679,3338900
2018-11-27,61.540001,62.480000,61.099998,62.250000,58.807205,3075200
2018-11-28,61.639999,62.660000,61.360001,62.599998,59.137844,2357800
2018-11-29,62.570000,63.650002,62.529999,63.250000,59.751896,2687500
2018-11-30,62.709999,63.689999,62.680000,63.650002,60.666904,3138300
2018-12-03,63.610001,63.610001,62.650002,63.119999,60.161743,2937800
2018-12-04,63.439999,63.919998,61.540001,61.740002,58.846420,2761200
2018-12-06,61.750000,62.000000,60.480000,61.270000,58.398449,3679300
2018-12-07,61.250000,61.250000,60.200001,60.840000,57.988602,2710600
2018-12-10,60.950001,61.169998,59.509998,60.299999,57.473911,3343300
2018-12-11,60.529999,61.560001,60.490002,60.869999,58.017189,1843700
2018-12-12,61.250000,61.419998,60.709999,61.000000,58.141098,2721400
2018-12-13,61.169998,61.360001,60.660000,61.049999,58.188755,1839600
2018-12-14,60.820000,61.189999,60.049999,60.360001,57.531094,2755900
2018-12-17,60.200001,60.549999,58.750000,59.230000,56.454056,2377800
2018-12-18,59.160000,59.770000,58.480000,58.849998,56.091866,2700800
2018-12-19,59.660000,60.480000,58.480000,58.689999,55.939362,3415000
2018-12-20,58.480000,58.619999,56.490002,57.320000,54.633568,3289500
2018-12-21,57.770000,58.950001,57.189999,57.639999,54.938576,5327100
2018-12-24,57.480000,57.490002,55.639999,55.820000,53.203873,1104700
2018-12-26,56.049999,57.180000,55.110001,57.150002,54.471542,2113800
2018-12-27,56.980000,57.139999,55.560001,57.139999,54.462002,2483100
2018-12-28,57.320000,58.029999,56.880001,57.250000,54.566849,1685600
2018-12-31,57.189999,57.450001,56.549999,57.009998,54.338097,2093000
2019-01-02,56.779999,57.099998,56.110001,56.639999,53.985443,2245900
2019-01-03,56.549999,57.099998,56.279999,56.740002,54.080757,1689300
2019-01-04,56.820000,57.610001,56.669998,57.299999,54.614510,1897000
2019-01-07,57.080002,57.759998,56.759998,57.570000,54.871857,1930100
2019-01-08,57.549999,58.000000,57.230000,57.889999,55.176857,2168100
2019-01-09,57.820000,58.529999,57.700001,57.950001,55.234043,2497600
2019-01-10,58.000000,58.459999,57.669998,58.290001,55.558113,2080700
2019-01-11,58.500000,58.650002,57.930000,58.580002,55.834518,1432700
2019-01-14,58.380001,58.750000,58.049999,58.540001,55.796398,2450900
2019-01-15,58.630001,59.419998,58.619999,59.310001,56.530304,1437900
2019-01-16,59.160000,59.400002,58.889999,59.119999,56.349213,1936400
2019-01-17,58.939999,59.520000,58.630001,59.279999,56.501709,1365400
2019-01-18,59.540001,59.950001,59.250000,59.430000,56.644684,2403700
2019-01-22,59.360001,59.599998,58.139999,58.700001,55.948891,2260800
2019-01-23,58.709999,59.250000,58.599998,59.130001,56.358746,3072100
2019-01-24,58.259998,58.270000,57.439999,57.660000,54.957634,2732800
2019-01-25,57.799999,58.279999,57.660000,57.779999,55.072010,1728500
2019-01-28,57.750000,58.139999,57.279999,58.119999,55.396076,1679400
2019-01-29,57.980000,58.360001,57.860001,58.230000,55.500919,1758700
2019-01-30,58.119999,58.689999,57.759998,57.830002,55.119667,3763200
2019-01-31,57.849998,59.060001,57.830002,59.009998,56.244366,3060500
2019-02-01,59.209999,59.410000,58.099998,58.700001,55.948891,2316400
2019-02-04,58.820000,59.110001,58.430000,58.919998,56.158581,2226700
2019-02-05,58.820000,59.310001,58.750000,59.139999,56.368275,2339100
2019-02-06,59.139999,59.490002,58.689999,59.160000,56.387333,2682200
2019-02-07,56.560001,57.869999,55.520000,55.840000,53.222939,8770600
2019-02-08,55.320000,55.900002,54.820000,55.360001,52.765434,5316900
2019-02-11,55.700001,55.950001,54.139999,55.669998,53.060902,5795600
2019-02-12,55.599998,56.700001,55.599998,56.529999,53.880596,3692400
2019-02-13,56.700001,57.009998,56.230000,56.959999,54.290440,3230800
2019-02-14,56.730000,57.459999,56.450001,56.580002,53.928253,3394200
2019-02-15,57.029999,57.070000,55.720001,56.790001,54.128410,7318200
2019-02-19,56.750000,58.119999,56.709999,57.419998,54.728882,4286100
2019-02-20,57.380001,58.810001,57.200001,58.450001,55.710613,3076300
2019-02-21,58.439999,58.520000,57.700001,58.330002,55.596237,2215000
2019-02-22,56.610001,56.959999,55.750000,56.730000,54.071220,5550800
2019-02-25,56.959999,56.959999,55.419998,55.660000,53.051373,4175700
2019-02-26,56.139999,56.380001,55.480000,55.919998,53.299179,2834900
2019-02-27,56.000000,56.180000,55.450001,55.759998,53.146683,3010000
2019-02-28,55.869999,56.369999,55.570000,56.259998,53.623249,2909800
2019-03-01,56.410000,56.860001,56.279999,56.840000,54.176067,2424600
2019-03-04,56.389999,56.500000,54.189999,54.610001,52.568501,3490500
2019-03-05,54.580002,54.970001,54.400002,54.770000,52.722515,1749800
2019-03-06,54.799999,54.950001,54.080002,54.470001,52.433735,1974100
2019-03-07,54.430000,54.790001,54.220001,54.299999,52.270092,2032500
2019-03-08,54.529999,54.880001,54.340000,54.560001,52.520367,2224900
2019-03-11,54.320000,54.320000,53.660000,54.150002,52.125698,4191100
2019-03-12,54.369999,54.689999,54.150002,54.160000,52.135323,2419500
2019-03-13,54.160000,54.200001,53.139999,53.610001,51.605885,2991000
2019-03-14,53.799999,54.169998,53.410000,53.810001,51.798409,2458400
2019-03-15,53.959999,54.299999,53.709999,54.270000,52.241211,3496400
2019-03-18,54.270000,54.509998,54.060001,54.270000,52.241211,1568000
2019-03-19,54.169998,54.770000,54.099998,54.410000,52.375973,2475400
2019-03-20,54.560001,54.849998,54.049999,54.110001,52.087189,2832500
2019-03-21,54.259998,56.750000,54.099998,56.480000,54.368595,4174500
2019-03-22,56.340000,57.250000,56.299999,56.740002,54.618877,3192100
2019-03-25,56.790001,56.919998,56.320000,56.669998,54.551487,2026000
2019-03-26,56.709999,57.610001,56.709999,57.570000,55.417847,2135900
2019-03-27,57.470001,57.810001,56.689999,56.939999,54.811390,2436600
2019-03-28,57.160000,57.560001,56.810001,56.970001,54.840275,1079400
2019-03-29,56.889999,57.490002,56.849998,57.380001,55.234947,1573800
2019-04-01,57.500000,57.650002,55.500000,56.020000,53.925789,3181600
2019-04-02,56.220001,56.610001,55.910000,56.349998,54.243450,4093100
2019-04-03,56.209999,56.790001,55.959999,56.660000,54.541862,2496600
2019-04-04,56.709999,56.880001,56.250000,56.450001,54.339714,1479800
2019-04-05,56.320000,56.820000,56.099998,56.799999,54.676628,1704000
2019-04-08,56.740002,57.570000,56.740002,57.500000,55.350464,1909400
2019-04-09,57.369999,57.590000,56.750000,57.160000,55.023174,2285200
2019-04-10,57.240002,57.560001,56.840000,57.549999,55.398590,2873200
2019-04-11,57.770000,57.900002,56.889999,57.349998,55.206066,1841600
2019-04-12,57.360001,57.849998,57.279999,57.570000,55.417847,1710000
2019-04-15,57.689999,58.389999,57.459999,58.349998,56.168682,1597300
2019-04-16,58.299999,58.869999,58.040001,58.389999,56.207188,1941600
2019-04-17,58.540001,58.540001,57.660000,58.090000,55.918407,1228700
2019-04-18,58.250000,58.590000,57.720001,58.450001,56.264946,1208800
2019-04-22,58.500000,58.810001,58.209999,58.360001,56.178314,2120500
2019-04-23,58.270000,58.619999,58.000000,58.430000,56.245693,2102900
2019-04-24,58.400002,58.759998,58.119999,58.570000,56.380463,1762900
2019-04-25,58.320000,58.470001,57.900002,57.939999,55.774010,1654600
2019-04-26,58.189999,59.570000,58.090000,59.400002,57.179436,2120600
2019-04-29,59.459999,59.860001,59.250000,59.639999,57.410461,2057700
2019-04-30,59.720001,60.459999,59.639999,60.299999,58.045788,2798100
2019-05-01,60.270000,60.439999,59.250000,59.389999,57.169804,2836000
2019-05-02,56.939999,58.230000,56.419998,57.380001,55.234947,5931200
2019-05-03,57.410000,57.410000,56.400002,56.470001,54.358971,3026200
2019-05-06,55.799999,57.500000,55.730000,57.400002,55.254204,2764900
2019-05-07,57.340000,57.549999,56.549999,57.150002,55.013542,2249500
2019-05-08,57.180000,57.619999,56.400002,57.250000,55.109806,1986800
2019-05-09,56.880001,57.919998,56.669998,57.790001,55.629623,2009300
2019-05-10,57.669998,58.770000,57.169998,58.639999,56.447845,2394900
2019-05-13,58.160000,58.200001,56.950001,57.779999,55.619995,2888000
2019-05-14,57.669998,57.830002,57.049999,57.169998,55.032795,2340900
2019-05-15,57.099998,57.889999,56.840000,57.369999,55.225319,1508400
2019-05-16,57.490002,57.980000,57.180000,57.400002,55.254204,1350600
2019-05-17,57.060001,57.689999,56.849998,57.020000,54.888405,1596200
2019-05-20,56.639999,56.970001,56.259998,56.439999,54.330090,1648300
2019-05-21,56.779999,57.169998,56.509998,56.540001,54.426353,1098500
2019-05-22,56.590000,56.869999,56.310001,56.830002,54.705513,823800
2019-05-23,56.619999,57.160000,56.320000,57.090000,54.955791,1370800
2019-05-24,57.150002,57.240002,56.529999,56.560001,54.445606,949400
2019-05-28,56.650002,56.740002,54.560001,54.560001,52.520367,3263800
2019-05-29,54.099998,54.160000,52.209999,52.799999,50.826160,4020800
2019-05-30,52.910000,53.279999,51.849998,52.090000,50.142704,2873900
2019-05-31,51.450001,52.720001,51.340000,52.560001,51.144978,2815500
2019-06-03,52.560001,53.910000,52.439999,53.799999,52.351589,2635100
2019-06-04,54.009998,54.810001,54.009998,54.599998,53.130054,1749400
2019-06-05,55.290001,55.349998,54.450001,55.009998,53.529011,1952000
2019-06-06,55.090000,56.000000,54.730000,55.770000,54.268555,1849600
2019-06-07,56.060001,56.500000,55.900002,55.990002,54.482639,1639200
2019-06-10,56.169998,56.200001,54.480000,54.770000,53.295479,1697600
2019-06-11,54.759998,55.730000,54.759998,55.660000,54.161514,1417200
2019-06-12,55.970001,56.529999,55.970001,56.220001,54.706440,2087800
2019-06-13,56.320000,56.790001,56.150002,56.610001,55.085945,1772800
2019-06-14,56.590000,56.889999,56.419998,56.630001,55.105404,1291000
2019-06-17,56.950001,57.049999,56.209999,56.549999,55.027557,1464400
2019-06-18,56.740002,57.189999,55.380001,55.500000,54.005825,1895900
2019-06-19,55.410000,55.439999,54.650002,55.060001,53.577675,2721700
2019-06-20,55.060001,55.250000,54.619999,55.189999,53.704170,1591400
2019-06-21,55.279999,56.560001,55.110001,55.590000,54.093403,4271500
2019-06-24,55.660000,55.869999,55.450001,55.790001,54.288021,1727800
2019-06-25,55.200001,55.270000,54.240002,54.529999,53.061943,2651100
2019-06-26,53.660000,54.070000,52.779999,53.450001,52.011017,3276100
2019-06-27,53.000000,53.470001,52.700001,53.189999,51.758015,2576000
2019-06-28,53.250000,53.849998,53.110001,53.570000,52.127789,2948700
2019-07-01,53.910000,54.439999,53.240002,53.380001,51.942898,2588000
2019-07-02,53.480000,53.810001,53.169998,53.310001,51.874786,2360900
2019-07-03,53.400002,57.209999,53.369999,56.669998,55.144325,5657800
2019-07-05,57.369999,57.400002,54.860001,55.770000,54.268555,4151900
2019-07-08,55.549999,56.110001,55.360001,55.430000,53.937714,1853300
2019-07-09,55.389999,55.450001,54.349998,54.849998,53.373325,2992500
2019-07-10,55.150002,55.340000,54.630001,54.779999,53.305210,2581800
2019-07-11,55.119999,55.330002,54.349998,54.599998,53.130054,1662800
2019-07-12,54.820000,55.130001,54.400002,54.549999,53.081402,1401200
2019-07-15,54.650002,55.389999,54.610001,55.000000,53.519287,1939000
2019-07-16,55.110001,55.340000,54.910000,55.220001,53.733368,1737900
2019-07-17,55.270000,56.099998,54.900002,56.000000,54.492363,2393500
2019-07-18,56.160000,57.599998,55.759998,56.980000,55.445980,3412900
2019-07-19,57.009998,57.139999,56.560001,56.580002,55.056751,2002100
2019-07-22,56.689999,56.860001,55.950001,56.540001,55.017830,2194200
2019-07-23,56.799999,58.490002,56.740002,58.209999,56.642868,3636200
2019-07-24,58.259998,58.549999,57.779999,58.259998,56.691521,2978700
2019-07-25,58.110001,58.950001,57.799999,58.369999,56.798557,2958800
2019-07-26,58.509998,59.480000,58.200001,58.730000,57.148865,2786500
2019-07-29,58.759998,59.110001,58.080002,58.419998,56.847210,1863800
2019-07-30,58.570000,58.639999,57.709999,58.560001,56.983444,2400700
2019-07-31,58.250000,58.660000,57.330002,58.220001,56.652596,4910500
2019-08-01,60.930000,65.589996,60.810001,63.630001,61.916950,10937900
2019-08-02,63.080002,63.980000,62.950001,63.400002,61.693142,3324500
2019-08-05,62.630001,63.139999,61.520000,61.750000,60.087563,3119200
2019-08-06,62.000000,62.090000,60.919998,61.660000,59.999985,3304900
2019-08-07,61.450001,61.860001,60.189999,61.500000,59.844296,3090800
2019-08-08,61.009998,62.590000,60.869999,62.490002,60.807644,2941800
2019-08-09,62.560001,63.189999,62.160000,62.180000,60.505985,1685800
2019-08-12,62.029999,62.360001,61.220001,61.619999,59.961063,1945400
2019-08-13,61.759998,62.970001,61.630001,62.700001,61.011986,2234900
2019-08-14,62.480000,62.540001,61.509998,61.549999,59.892944,1625400
2019-08-15,62.000000,63.790001,61.389999,63.520000,61.809910,3670300
2019-08-16,63.889999,64.410004,63.410000,63.779999,62.062912,2478800
2019-08-19,63.830002,64.519997,63.520000,64.430000,62.695412,1788800
2019-08-20,64.260002,64.260002,62.790001,63.230000,61.527718,2330200
2019-08-21,63.540001,63.830002,62.840000,63.349998,61.644485,1362300
2019-08-22,63.419998,64.070000,63.110001,63.869999,62.150486,1545700
2019-08-23,63.889999,64.019997,62.650002,63.250000,61.547180,3176000
2019-08-26,63.439999,63.939999,63.130001,63.650002,61.936413,2422200
2019-08-27,63.459999,63.549999,61.919998,62.099998,60.428139,2739400
2019-08-28,62.250000,62.770000,62.000000,62.509998,60.827103,2346100
2019-08-29,63.000000,63.180000,62.349998,62.959999,61.264988,2975900
2019-08-30,62.950001,63.660000,62.779999,62.799999,61.667591,2329500
2019-09-03,63.000000,63.709999,62.500000,63.700001,62.551365,2002200
2019-09-04,63.680000,63.900002,62.799999,63.340000,62.197857,2164100
2019-09-05,63.709999,63.759998,62.750000,62.840000,61.706871,1650400
2019-09-06,64.320000,64.529999,63.840000,64.220001,63.061989,2645000
2019-09-09,64.250000,64.449997,63.610001,64.169998,63.012886,1559300
2019-09-10,63.849998,64.169998,62.500000,62.930000,61.795250,3736700
2019-09-11,62.930000,63.889999,62.630001,63.790001,62.639744,2149900
2019-09-12,64.459999,64.459999,63.470001,63.700001,62.551365,1162000
2019-09-13,63.250000,63.970001,63.099998,63.349998,62.207672,1668500
2019-09-16,63.400002,64.050003,63.049999,63.779999,62.629921,1574100
2019-09-17,63.820000,64.599998,63.700001,64.150002,62.993252,1714900
2019-09-18,64.440002,64.559998,62.959999,63.610001,62.462990,1989600
2019-09-19,63.779999,63.970001,63.459999,63.740002,62.590641,1017100
2019-09-20,63.919998,64.269997,63.669998,63.730000,62.580822,2881700
2019-09-23,63.840000,64.070000,62.889999,63.279999,62.138935,1206500
2019-09-24,63.529999,64.029999,63.380001,63.900002,62.747761,1883500
2019-09-25,64.019997,64.489998,63.810001,64.059998,62.904873,1413700
2019-09-26,64.739998,64.989998,63.820000,64.209999,63.052166,1644200
2019-09-27,64.370003,64.470001,63.910000,64.099998,62.944149,1713300
2019-09-30,64.239998,64.620003,63.910000,64.349998,63.189640,2069400
2019-10-01,64.400002,64.699997,62.919998,63.099998,61.962181,1596800
2019-10-02,62.970001,63.389999,61.580002,61.990002,60.872200,1601100
2019-10-03,62.259998,62.660000,61.619999,62.410000,61.284626,1742100
2019-10-04,62.509998,62.860001,62.230000,62.830002,61.697052,968200
2019-10-07,62.650002,63.209999,62.270000,62.680000,61.549759,1313100
2019-10-08,62.650002,62.700001,61.820000,61.840000,60.724903,1694000
2019-10-09,62.000000,62.230000,61.759998,62.119999,60.999855,941300
2019-10-10,61.709999,62.500000,61.709999,62.369999,61.245346,1026600
2019-10-11,62.250000,62.610001,61.799999,62.130001,61.009678,1230800
2019-10-14,62.330002,62.500000,61.590000,62.389999,61.264984,1657800
2019-10-15,62.400002,62.639999,61.230000,61.930000,60.813282,1628900
2019-10-16,62.020000,62.419998,61.139999,61.330002,60.224102,1997000
2019-10-17,61.279999,62.439999,61.049999,62.209999,61.088230,1480400
2019-10-18,62.240002,62.830002,61.810001,61.939999,60.823097,1842100
2019-10-21,62.230000,62.880001,61.950001,62.500000,61.373005,1348400
2019-10-22,62.509998,62.779999,62.020000,62.080002,60.960575,1251600
2019-10-23,62.110001,62.320000,61.880001,62.209999,61.088230,953600
2019-10-24,61.959999,61.959999,61.060001,61.660000,60.548149,979900
2019-10-25,61.759998,61.919998,60.650002,60.889999,59.792034,1493700
2019-10-28,61.090000,61.259998,60.650002,61.060001,59.958969,2651200
2019-10-29,63.000000,64.360001,61.549999,62.869999,61.736328,4785900
2019-10-30,63.320000,63.980000,62.869999,63.880001,62.728123,2585300
2019-10-31,63.880001,64.070000,62.970001,63.529999,62.384426,1820700
2019-11-01,63.470001,64.019997,63.290001,63.680000,62.531727,1863300
2019-11-04,63.709999,63.869999,63.060001,63.560001,62.413891,1500400
2019-11-05,63.740002,63.990002,63.360001,63.520000,62.374611,1501400
2019-11-06,64.050003,65.110001,63.970001,64.410004,63.248566,3031800
2019-11-07,64.309998,64.410004,63.200001,63.730000,62.580822,1512500
2019-11-08,64.029999,64.400002,63.639999,63.990002,62.836136,1352000
2019-11-11,63.830002,63.880001,63.040001,63.470001,62.325516,1027000
2019-11-12,63.500000,64.160004,63.270000,63.970001,62.816498,1550100
2019-11-13,64.089996,64.629997,63.799999,64.410004,63.248566,2036600
2019-11-14,64.540001,64.669998,63.779999,64.050003,62.895054,1600300
2019-11-15,63.970001,64.879997,63.770000,64.660004,63.494057,1772900
2019-11-18,64.959999,65.500000,64.440002,65.430000,64.250168,1637300
2019-11-19,65.360001,65.459999,65.120003,65.320000,64.142159,1070500
2019-11-20,65.320000,65.419998,64.839996,65.379997,64.201073,1511300
2019-11-21,65.199997,65.449997,64.709999,64.720001,63.552975,1609000
2019-11-22,64.970001,65.260002,64.320000,64.510002,63.346760,974200
2019-11-25,64.639999,64.769997,64.120003,64.339996,63.179821,1262400
2019-11-26,64.430000,65.529999,64.129997,65.489998,64.309090,1781700
2019-11-27,65.610001,65.940002,65.320000,65.610001,64.426918,1553300
2019-11-29,65.029999,65.489998,64.680000,65.120003,64.506172,1043600
2019-12-02,64.919998,65.449997,64.570000,65.419998,64.803337,1383200
2019-12-03,65.410004,65.660004,65.089996,65.650002,65.031174,1539700
2019-12-04,65.000000,66.300003,65.000000,65.730003,65.110420,1821400
2019-12-05,65.680000,65.779999,65.279999,65.750000,65.130226,1129000
2019-12-06,65.910004,66.459999,65.830002,66.220001,65.595802,995200
2019-12-09,66.139999,66.849998,66.050003,66.540001,65.912781,1255500
2019-12-10,66.690002,66.870003,66.260002,66.639999,66.011841,1184400
2019-12-11,66.599998,66.669998,66.029999,66.150002,65.526459,1457900
2019-12-12,66.599998,66.790001,66.050003,66.190002,65.566086,1001400
2019-12-13,66.059998,66.559998,66.019997,66.250000,65.625519,895000
2019-12-16,66.470001,66.589996,65.919998,66.279999,65.655235,2043200
2019-12-17,66.029999,66.410004,65.790001,66.099998,65.476929,1414300
2019-12-18,66.419998,66.540001,66.169998,66.480003,65.853348,1300500
2019-12-19,66.940002,67.129997,66.550003,66.779999,66.150520,1336400
2019-12-20,67.900002,68.769997,67.589996,68.639999,67.992989,5272800
2019-12-23,68.830002,68.949997,68.139999,68.779999,68.131668,1773500
2019-12-24,68.820000,69.120003,68.559998,68.930000,68.280251,902500
2019-12-26,68.959999,69.070000,68.500000,68.660004,68.012802,1093400
2019-12-27,68.660004,69.320000,68.660004,69.160004,68.508087,769600
2019-12-30,68.910004,69.110001,68.550003,68.779999,68.131668,737900
2019-12-31,68.769997,69.230003,68.570000,69.160004,68.508087,1053300
2020-01-02,69.129997,69.250000,67.379997,67.639999,67.002411,2699500
2020-01-03,67.519997,68.360001,67.400002,68.000000,67.359016,1240600
2020-01-06,68.000000,68.129997,67.550003,67.940002,67.299591,1323600
2020-01-07,69.320000,70.000000,68.639999,68.809998,68.161385,2412000
2020-01-08,68.779999,69.209999,68.510002,68.889999,68.240631,1270300
2020-01-09,69.320000,69.339996,68.529999,69.139999,68.488274,1436300
2020-01-10,69.279999,69.529999,69.180000,69.269997,68.617043,1418500
2020-01-13,69.410004,70.000000,69.279999,69.709999,69.052902,1778200
2020-01-14,69.709999,70.000000,69.559998,70.000000,69.340164,1426400
2020-01-15,70.000000,70.629997,69.879997,70.269997,69.607620,1398400
2020-01-16,70.500000,70.860001,70.269997,70.739998,70.073189,1337400
2020-01-17,70.809998,71.050003,70.480003,70.879997,70.211868,1846600
2020-01-21,70.709999,71.010002,70.309998,70.599998,69.934509,2175600
2020-01-22,70.400002,70.820000,70.029999,70.260002,69.597717,1727400
2020-01-23,69.820000,70.800003,69.690002,70.440002,69.776024,1535100
2020-01-24,70.730003,70.730003,69.110001,69.339996,68.686386,1506500
2020-01-27,68.889999,69.589996,68.720001,69.029999,68.379311,1618000
2020-01-28,68.989998,69.410004,68.889999,68.980003,68.329788,1127000
2020-01-29,68.949997,69.029999,68.389999,68.430000,67.784966,1677500
2020-01-30,68.330002,68.959999,68.040001,68.879997,68.230721,1412900
2020-01-31,68.849998,69.209999,68.010002,68.209999,67.567039,2746400
2020-02-03,68.580002,69.230003,68.349998,68.839996,68.191101,1872900
2020-02-04,69.169998,69.660004,68.629997,68.680000,68.032608,1978100
2020-02-05,68.820000,69.610001,68.820000,69.360001,68.706200,2393700
2020-02-06,64.220001,66.379997,63.150002,63.459999,62.861813,7661100
2020-02-07,63.259998,64.290001,62.380001,64.169998,63.565121,4297500
2020-02-10,63.950001,65.430000,63.549999,65.339996,64.724091,2973500
2020-02-11,65.580002,66.570000,65.480003,66.269997,65.645325,2601400
2020-02-12,67.500000,67.820000,66.080002,66.180000,65.556175,2220000
2020-02-13,66.220001,67.220001,66.050003,67.139999,66.507126,2275000
2020-02-14,67.080002,67.949997,66.910004,67.709999,67.071754,1567500
2020-02-18,67.230003,67.370003,66.529999,67.150002,66.517036,1570300
2020-02-19,67.160004,67.489998,66.250000,66.300003,65.675049,1581200
2020-02-20,65.779999,66.089996,65.099998,65.669998,65.050980,2107400
2020-02-21,65.400002,65.580002,64.949997,65.519997,64.902397,1824900
2020-02-24,64.680000,65.050003,63.930000,64.500000,63.892010,2539600
2020-02-25,64.660004,64.889999,62.880001,63.389999,62.792473,2541000
2020-02-26,63.639999,64.239998,62.570000,62.770000,62.178318,1863200
2020-02-27,62.160000,62.360001,60.919998,61.020000,60.444817,2670100
2020-02-28,60.000000,60.730000,57.709999,60.470001,59.900002,4526500
2020-03-02,60.209999,63.139999,60.119999,63.139999,63.139999,2584200
2020-03-03,63.150002,64.419998,62.049999,62.650002,62.650002,2002100
2020-03-04,63.349998,64.610001,63.000000,64.550003,64.550003,2405400
2020-03-05,63.730000,64.580002,63.279999,63.660000,63.660000,1517400
2020-03-06,61.919998,63.380001,61.540001,63.189999,63.189999,2288900
2020-03-09,60.209999,63.169998,60.000000,62.410000,62.410000,2756700
2020-03-10,62.869999,64.199997,60.380001,62.889999,62.889999,2817400
2020-03-11,61.459999,62.139999,60.189999,61.689999,61.689999,2204700
2020-03-12,58.520000,60.000000,56.840000,58.189999,58.189999,3827000
2020-03-13,60.070000,63.779999,59.509998,63.660000,63.660000,3606900
2020-03-16,58.369999,64.860001,58.250000,62.560001,62.560001,3749000
2020-03-17,63.389999,69.370003,62.209999,69.220001,69.220001,5196900
2020-03-18,67.300003,70.360001,64.459999,68.959999,68.959999,3960500
2020-03-19,68.459999,68.750000,61.070000,61.430000,61.430000,4733200
2020-03-20,61.470001,61.529999,55.340000,55.810001,55.810001,4767300
2020-03-23,55.200001,56.790001,52.660000,53.560001,53.560001,3242800
2020-03-24,54.759998,56.950001,54.020000,56.270000,56.270000,2913500
2020-03-25,56.000000,59.270000,54.709999,56.169998,56.169998,3320300
2020-03-26,56.250000,59.619999,55.599998,58.759998,58.759998,3345400
2020-03-27,57.720001,58.500000,57.040001,58.009998,58.009998,604347